sdssid,source,z,ra,dec,specname_dr16,specname_sdssv,label,prob,rank
55762973.0,lowz,0.588482141494751,136.5501,1.7366548,dr16_sdssv_crossmatch/0355_3819_55540.fits,dr16_sdssv_crossmatch/spec-020604-59615-27021598149695912.fits,1,0.98976433,1
70288754.0,lowz,0.3405586779117584,20.734137,-0.04794548,dr16_sdssv_crossmatch/0238_0399_51817.fits,dr16_sdssv_crossmatch/spec-015009-59218-4375116553.fits,1,0.9703058,2
79998141.0,lowz,0.7930108904838562,136.39905,-0.67775793,dr16_sdssv_crossmatch/0084_0470_51929.fits,dr16_sdssv_crossmatch/spec-015153-59254-4570371256.fits,1,0.9672842,3
3.962831153765035e+16,paper2,0.12452,120.76977,22.12612,desi/clagn_desi_dr16_sample_paper2/sdss/302_1584_52943.fits,desi/clagn_desi_dr16_sample_paper2/desi/desi-spec-39628311537650349.fits,1,0.94333327,4
3.963304377372069e+16,paper2,0.22419,162.07411,38.2544,desi/clagn_desi_dr16_sample_paper2/sdss/368_2007_53474.fits,desi/clagn_desi_dr16_sample_paper2/desi/desi-spec-39633043773720684.fits,1,0.9424007,5
55773348.0,lowz,0.12404561787843704,133.80055,3.4973794,dr16_sdssv_crossmatch/0466_0565_52225.fits,dr16_sdssv_crossmatch/spec-104405-59664-27021598102797904.fits,1,0.92043066,6
121812284.0,lowz,0.0581892766058445,133.40525,1.7176797,dr16_sdssv_crossmatch/0338_0469_51913.fits,dr16_sdssv_crossmatch/spec-104405-59664-27021600108375953.fits,1,0.9005517,7
70157404.0,lowz,0.3118252456188202,29.990148,0.55291729,dr16_sdssv_crossmatch/0549_0403_51871.fits,dr16_sdssv_crossmatch/spec-104603-60593-63050395066269523.fits,1,0.8935603,8
3.963700731970024e+16,paper2,0.14172,247.27675,17.82835,desi/clagn_desi_dr16_sample_paper2/sdss/340_2207_53558.fits,desi/clagn_desi_dr16_sample_paper2/desi/desi-spec-39637007319700236.fits,1,0.8934924,9
3.962779712304491e+16,paper2,0.364,18.90046,0.56458,desi/clagn_desi_dr16_sample_paper2/sdss/808_4227_55481.fits,desi/clagn_desi_dr16_sample_paper2/desi/desi-spec-39627797123044912.fits,1,0.8914069,10
70292856.0,lowz,0.36421850323677063,18.900473,0.56456741,dr16_sdssv_crossmatch/0481_0695_52202.fits,dr16_sdssv_crossmatch/spec-015009-59218-4399782153.fits,1,0.8890001,11
3.9627640998462136e+16,paper2,0.22526,62.28704,-6.12373,desi/clagn_desi_dr16_sample_paper2/sdss/108_1636_53061.fits,desi/clagn_desi_dr16_sample_paper2/desi/desi-spec-39627640998462134.fits,1,0.8840989,12
2852118612410368.0,paper2,0.13065,233.75947,34.92733,desi/clagn_desi_dr16_sample_paper2/sdss/121_1401_53144.fits,desi/clagn_desi_dr16_sample_paper2/desi/desi-spec-2852118612410368.fits,1,0.88265264,13
4376601859.0,sdssv_neg,0.49110105633735657,322.89950999999996,0.18104173,dr16_spectra/spec-4194-55450-0734.fits,dr16_sdssv_crossmatch/spec-015027-59370-4376601859.fits,0,0.8745775,14
3.962778087431149e+16,paper2,0.12844,130.4558,-0.17542,desi/clagn_desi_dr16_sample_paper2/sdss/43_4793_55648.fits,desi/clagn_desi_dr16_sample_paper2/desi/desi-spec-39627780874311491.fits,1,0.86555916,15
3.963308218515505e+16,paper2,0.38455,231.32324,40.23269,desi/clagn_desi_dr16_sample_paper2/sdss/279_8521_58175.fits,desi/clagn_desi_dr16_sample_paper2/desi/desi-spec-39633082185155051.fits,1,0.860947,16
121785950.0,lowz,0.7694661617279053,122.54009000000002,21.273844,dr16_sdssv_crossmatch/0860_4481_55630.fits,dr16_sdssv_crossmatch/spec-015052-59229-6759170516.fits,1,0.85583,17
3.962842999737945e+16,paper2,0.22812,334.85658,27.46847,desi/clagn_desi_dr16_sample_paper2/sdss/518_7650_57575.fits,desi/clagn_desi_dr16_sample_paper2/desi/desi-spec-39628429997379446.fits,1,0.8302772,18
56447480.0,lowz,0.3832516074180603,121.82323,25.299645,dr16_sdssv_crossmatch/0069_1205_52670.fits,dr16_sdssv_crossmatch/spec-015053-59230-4554339971.fits,1,0.818605,19
124641007.0,lowz,0.5067383646965027,123.90647999999999,38.717553,dr16_sdssv_crossmatch/0270_3805_55269.fits,dr16_sdssv_crossmatch/spec-015026-59257-6800757467.fits,1,0.81600434,20
5189677742.0,sdssv_neg,0.6572568416595459,252.34312999999997,34.741883,dr16_spectra/spec-4987-55746-0502.fits,dr16_sdssv_crossmatch/spec-015310-59315-5189677742.fits,0,0.80097514,21
3.9632995673443224e+16,paper2,0.28713,181.52155,35.64029,desi/clagn_desi_dr16_sample_paper2/sdss/61_2103_53467.fits,desi/clagn_desi_dr16_sample_paper2/desi/desi-spec-39632995673443223.fits,1,0.7820933,22
123691357.0,lowz,0.1425158530473709,138.74649,5.0453966,dr16_sdssv_crossmatch/0106_1193_52652.fits,dr16_sdssv_crossmatch/spec-104408-60271-63050398960055992.fits,1,0.76516056,23
3.9627953226649864e+16,desi_neg,0.1425866037607193,340.33519,6.8153868,dr16_spectra/spec-11304-58448-0907.fits,desi/spectra/type1/desi-spec-39627953226649862.fits,0,0.7336121,24
3.9632986588580376e+16,paper2,0.19356,237.92261,35.22084,desi/clagn_desi_dr16_sample_paper2/sdss/235_1417_53141.fits,desi/clagn_desi_dr16_sample_paper2/desi/desi-spec-39632986588580377.fits,1,0.7233544,25
3.962786112393013e+16,desi_neg,0.3717348277568817,233.73034000000007,3.0222562,dr16_spectra/spec-4054-55358-0628.fits,desi/spectra/type2/desi-spec-39627861123930128.fits,0,0.6943389,26
56444947.0,lowz,0.6511183381080627,123.46917000000002,24.651006,dr16_sdssv_crossmatch/0447_11125_58433.fits,dr16_sdssv_crossmatch/spec-015053-59230-4554470994.fits,1,0.65121746,27
3.962782075795003e+16,paper2,0.19713,347.73355,1.32313,desi/clagn_desi_dr16_sample_paper2/sdss/134_4288_55501.fits,desi/clagn_desi_dr16_sample_paper2/desi/desi-spec-39627820757950036.fits,1,0.644349,28
6509824338.0,sdssv_neg,0.6301884055137634,1.955195500000002,26.392525,dr16_spectra/spec-7695-57654-0085.fits,dr16_sdssv_crossmatch/spec-015004-59165-6509824338.fits,0,0.6298982,29
3.9633174266906536e+16,desi_neg,0.17707456648349762,140.30577,45.621252,dr16_spectra/spec-4696-56354-0548.fits,desi/spectra/type1/desi-spec-39633174266906534.fits,0,0.6133348,30
6.305039482359031e+16,sdssv_neg,0.4724957048892975,140.28675999999996,39.775502,dr16_spectra/spec-4641-55947-0099.fits,dr16_sdssv_crossmatch/spec-103044-60707-63050394823590313.fits,0,0.6104429,31
3.962799861740684e+16,paper2,0.25474,188.49637,8.70322,desi/clagn_desi_dr16_sample_paper2/sdss/328_1628_53474.fits,desi/clagn_desi_dr16_sample_paper2/desi/desi-spec-39627998617406840.fits,1,0.609342,32
79996461.0,lowz,0.2225492000579834,139.20589,0.0087664992,dr16_sdssv_crossmatch/0101_0472_51955.fits,dr16_sdssv_crossmatch/spec-015156-59318-4592612003.fits,1,0.60665876,33
3.963343776566827e+16,desi_neg,0.1280606985092163,153.37027,64.55765,dr16_spectra/spec-7082-56713-0652.fits,desi/spectra/type1/desi-spec-39633437765668271.fits,0,0.59643143,34
6.305039516720163e+16,sdssv_neg,0.21547278761863708,199.62982,-0.95124798,dr16_spectra/spec-4004-55321-0128.fits,dr16_sdssv_crossmatch/spec-103275-60707-63050395167201635.fits,0,0.59350216,35
124911358.0,lowz,0.48589199781417847,2.7645302000000243,1.0090605,dr16_sdssv_crossmatch/0947_4217_55478.fits,dr16_sdssv_crossmatch/spec-015039-59202-6473515398.fits,1,0.5711788,36
3.962851132493186e+16,desi_neg,0.27906230092048645,137.63993,31.466184,dr16_spectra/spec-11375-58426-0572.fits,desi/spectra/type1/desi-spec-39628511324931859.fits,0,0.5673313,37
4401496431.0,sdssv_neg,0.2321510910987854,28.160526000000004,1.156958,dr16_spectra/spec-3606-55182-0714.fits,dr16_sdssv_crossmatch/spec-015013-59165-4401496431.fits,0,0.5672407,38
4597582807.0,sdssv_neg,0.5173925757408142,160.69318999999996,36.708932,dr16_spectra/spec-8851-57460-0437.fits,dr16_sdssv_crossmatch/spec-015291-59350-4597582807.fits,0,0.55076534,39
6.305039506627821e+16,sdssv_neg,0.15538951754570007,30.465238999999997,1.4840289,dr16_spectra/spec-7836-57278-0065.fits,dr16_sdssv_crossmatch/spec-104603-60593-63050395066278210.fits,0,0.5107892,40
6.3050395167613896e+16,sdssv_neg,0.32887786626815796,191.22847000000002,3.090862,dr16_spectra/spec-4755-55660-0218.fits,dr16_sdssv_crossmatch/spec-103270-60411-63050395167613895.fits,0,0.5074933,41
2.7021597957645256e+16,sdssv_neg,0.22043506801128387,7.989285499999994,0.31055933,dr16_spectra/spec-4220-55447-0980.fits,dr16_sdssv_crossmatch/spec-104649-59898-27021597957645258.fits,0,0.4962244,42
62237725.0,lowz,0.9899592995643616,214.14324,51.98041,dr16_sdssv_crossmatch/0792_6742_56415.fits,dr16_sdssv_crossmatch/spec-112359-60843-63050394852106837.fits,1,0.49350408,43
4602004659.0,sdssv_neg,0.40124547481536865,190.87045,29.741673,dr16_spectra/spec-11397-58522-0330.fits,dr16_sdssv_crossmatch/spec-015250-59267-4602004659.fits,0,0.49079928,44
2.7021600103242496e+16,sdssv_neg,0.33979448676109314,149.66918999999996,2.0740557,dr16_spectra/spec-4737-55630-0304.fits,dr16_sdssv_crossmatch/spec-023288-60024-27021600103242496.fits,0,0.4832369,45
4554460302.0,sdssv_neg,0.4363555312156677,122.90926000000002,24.532756,dr16_spectra/spec-11118-58522-0542.fits,dr16_sdssv_crossmatch/spec-015053-59230-4554460302.fits,0,0.46277258,46
4570389156.0,sdssv_neg,0.7849646210670471,138.06307000000004,-1.5770543,dr16_spectra/spec-3780-55240-0938.fits,dr16_sdssv_crossmatch/spec-015156-59257-4570389156.fits,0,0.4617576,47
6.3050395066312216e+16,sdssv_neg,0.4119493365287781,25.634397999999976,0.76656099,dr16_spectra/spec-9394-58108-0461.fits,dr16_sdssv_crossmatch/spec-104577-60254-63050395066312217.fits,0,0.45663846,48
56844600.0,lowz,0.5193988084793091,159.34884999999997,36.561554,dr16_sdssv_crossmatch/0876_4560_55575.fits,dr16_sdssv_crossmatch/spec-103128-60792-63050394822561052.fits,1,0.45636404,49
4375870490.0,sdssv_neg,0.4636806845664978,30.366308000000004,-3.0344697,dr16_spectra/spec-7841-56960-0090.fits,dr16_sdssv_crossmatch/spec-015045-59169-4375870490.fits,0,0.45555818,50
70072408.0,lowz,0.13874545693397522,31.70614999999998,-4.2479731,dr16_sdssv_crossmatch/0791_7238_56660.fits,dr16_sdssv_crossmatch/spec-104641-60637-63050395065975103.fits,1,0.43878466,51
2.7021597935312436e+16,sdssv_neg,0.5652955174446106,322.01712,4.6976723,dr16_spectra/spec-11318-58419-0863.fits,dr16_sdssv_crossmatch/spec-101055-59882-27021597935312437.fits,0,0.43053448,52
3.9627833043059416e+16,desi_neg,0.39153945446014404,359.76436,1.7690735,dr16_spectra/spec-9179-57682-0969.fits,desi/spectra/type1/desi-spec-39627833043059417.fits,0,0.42770264,53
3.962767613834503e+16,desi_neg,0.3845476508140564,4.149913700000013,-4.5363132,dr16_spectra/spec-7900-57358-0226.fits,desi/spectra/type1/desi-spec-39627676138345032.fits,0,0.42384955,54
71080963.0,lowz,0.18126797676086426,323.82275000000004,0.33898884,dr16_sdssv_crossmatch/0582_4195_55452.fits,dr16_sdssv_crossmatch/spec-104569-59820-27021597935954906.fits,1,0.39861593,55
2.702159795827924e+16,sdssv_neg,0.17674024403095245,23.649617999999975,2.4777363,dr16_spectra/spec-7842-56899-0501.fits,dr16_sdssv_crossmatch/spec-102709-59954-27021597958279242.fits,0,0.39195776,56
3.963326799701656e+16,desi_neg,0.17853480577468872,246.54836999999998,51.343949,dr16_spectra/spec-6313-56460-0186.fits,desi/spectra/type1/desi-spec-39633267997016556.fits,0,0.38936728,57
3.9628466039031784e+16,desi_neg,0.14598526060581207,254.49175000000002,29.269983,dr16_spectra/spec-5013-55723-0636.fits,desi/spectra/type1/desi-spec-39628466039031785.fits,0,0.3887919,58
120760852.0,lowz,0.25993612408638,335.7763299999999,19.742113,dr16_sdssv_crossmatch/0036_7578_56956.fits,dr16_sdssv_crossmatch/spec-104588-60585-63050397856784114.fits,1,0.37705812,59
3.963302072601979e+16,desi_neg,0.3812931776046753,232.30722000000003,37.03352,dr16_spectra/spec-10741-58230-0252.fits,desi/spectra/type1/desi-spec-39633020726019795.fits,0,0.3770042,60
6.305039506637431e+16,sdssv_neg,0.25129538774490356,35.47027200000002,2.6043567,dr16_spectra/spec-7830-57043-0982.fits,dr16_sdssv_crossmatch/spec-101858-60636-63050395066374313.fits,0,0.37456167,61
6.3050394825128024e+16,sdssv_neg,0.5345365405082703,112.69617,26.56935,dr16_spectra/spec-11086-58401-0876.fits,dr16_sdssv_crossmatch/spec-100880-60699-63050394825128026.fits,0,0.35687488,62
6.30503950745212e+16,sdssv_neg,0.5222540497779846,7.534102299999972,23.081379,dr16_spectra/spec-7615-56977-0599.fits,dr16_sdssv_crossmatch/spec-104629-60562-63050395074521197.fits,0,0.3504605,63
3.962779731178722e+16,desi_neg,0.312644898891449,30.105885999999998,0.48795799,dr16_spectra/spec-4234-55478-0651.fits,desi/spectra/type1/desi-spec-39627797311787220.fits,0,0.34439918,64
3.9633224074265144e+16,desi_neg,0.38086044788360596,157.50982,48.452742,dr16_spectra/spec-7382-56991-0105.fits,desi/spectra/type1/desi-spec-39633224074265147.fits,0,0.34383717,65
6.305039507327515e+16,sdssv_neg,0.16342519223690033,5.090353199999981,10.57911,dr16_spectra/spec-11565-58507-0136.fits,dr16_sdssv_crossmatch/spec-104089-60579-63050395073275151.fits,0,0.3436066,66
4350975684.0,sdssv_neg,0.4565553069114685,211.42071999999996,54.182064,dr16_spectra/spec-8428-57837-0316.fits,dr16_sdssv_crossmatch/spec-015304-59281-4350975684.fits,0,0.33662105,67
2.702160011250056e+16,sdssv_neg,0.35423359274864197,149.78188999999998,2.139074,dr16_spectra/spec-4737-55630-0263.fits,dr16_sdssv_crossmatch/spec-020868-59637-27021600112500560.fits,0,0.32975382,68
3.963720494271992e+16,desi_neg,0.3865199387073517,1.3025001999999972,26.803464,dr16_spectra/spec-7695-57654-0220.fits,desi/spectra/type1/desi-spec-39637204942719918.fits,0,0.32683012,69
3.9627784707903624e+16,desi_neg,0.2676600217819214,358.85483,-0.28766054,dr16_spectra/spec-4216-55477-0488.fits,desi/spectra/type1/desi-spec-39627784707903627.fits,0,0.32622564,70
3.962798098874555e+16,desi_neg,0.23759329319000244,207.31059000000005,7.997471,dr16_spectra/spec-5442-55978-0270.fits,desi/spectra/type2/desi-spec-39627980988745550.fits,0,0.32594788,71
3.963317504285293e+16,paper2,0.205,206.19959,45.53024,desi/clagn_desi_dr16_sample_paper2/sdss/184_7429_56740.fits,desi/clagn_desi_dr16_sample_paper2/desi/desi-spec-39633175042852932.fits,1,0.31926936,72
3.962782045595832e+16,desi_neg,0.21750293672084808,329.63851999999997,1.2154207,dr16_spectra/spec-4198-55480-0718.fits,desi/spectra/type1/desi-spec-39627820455958319.fits,0,0.3157401,73
6.305039936180015e+16,sdssv_neg,0.24754083156585693,161.59158000000002,58.941596,dr16_spectra/spec-7095-56625-0658.fits,dr16_sdssv_crossmatch/spec-104537-60327-63050399361800155.fits,0,0.3111857,74
3.962769435839952e+16,desi_neg,0.13553175330162048,12.100812000000019,-3.7206357,dr16_spectra/spec-7906-57333-0780.fits,desi/spectra/type1/desi-spec-39627694358399521.fits,0,0.31008387,75
6.305039516831715e+16,sdssv_neg,0.046585582196712494,195.03040999999996,8.6985993,dr16_spectra/spec-5417-55978-0710.fits,dr16_sdssv_crossmatch/spec-103302-60375-63050395168317152.fits,0,0.30951017,76
3.962845896743664e+16,desi_neg,0.23253129422664642,132.85469999999998,28.983772,dr16_spectra/spec-10660-58466-0764.fits,desi/spectra/type1/desi-spec-39628458967436638.fits,0,0.29518592,77
3.962790834339923e+16,desi_neg,0.3392161726951599,173.00719000000004,4.888254,dr16_spectra/spec-4767-55946-0456.fits,desi/spectra/type1/desi-spec-39627908343399230.fits,0,0.29414222,78
3.963309571178663e+16,desi_neg,0.209626704454422,211.17889000000002,40.94698,dr16_spectra/spec-8505-57834-0738.fits,desi/spectra/type2/desi-spec-39633095711786632.fits,0,0.29324865,79
3.962777005300247e+16,desi_neg,0.16484902799129486,205.30431999999996,-0.85226501,dr16_spectra/spec-4043-55630-0416.fits,desi/spectra/type2/desi-spec-39627770053002472.fits,0,0.2928337,80
3.962770644218712e+16,desi_neg,0.22946791350841522,13.278625999999974,-3.3131563,dr16_spectra/spec-7906-57333-0990.fits,desi/spectra/type1/desi-spec-39627706442187121.fits,0,0.29110196,81
3.962798382828858e+16,desi_neg,0.11988016963005066,17.977942999999982,8.2696899,dr16_spectra/spec-4554-56193-0654.fits,desi/spectra/type1/desi-spec-39627983828288576.fits,0,0.28883603,82
3.962782103896708e+16,desi_neg,0.23494336009025574,4.440924399999972,1.6057721,dr16_spectra/spec-7854-56989-0488.fits,desi/spectra/type1/desi-spec-39627821038967083.fits,0,0.28784811,83
3.9628241513744936e+16,desi_neg,0.31278255581855774,346.94012,19.022348,dr16_spectra/spec-7611-56946-0654.fits,desi/spectra/type1/desi-spec-39628241513744936.fits,0,0.28673992,84
6.305039482441478e+16,sdssv_neg,0.4711775481700897,166.11112000000003,56.568824,dr16_spectra/spec-7102-56666-0244.fits,dr16_sdssv_crossmatch/spec-104544-60374-63050394824414785.fits,0,0.28300005,85
6.305039506597147e+16,sdssv_neg,0.1411113142967224,33.49714799999998,-4.6625509,dr16_spectra/spec-7237-56662-0731.fits,dr16_sdssv_crossmatch/spec-104662-60235-63050395065971471.fits,0,0.27970022,86
6.305039506610348e+16,sdssv_neg,0.26016533374786377,39.82481899999999,-0.18101025,dr16_spectra/spec-3651-55247-0479.fits,dr16_sdssv_crossmatch/spec-104648-60563-63050395066103477.fits,0,0.2782272,87
3.963327097078047e+16,desi_neg,0.10706979781389236,169.90842999999995,51.554316,dr16_spectra/spec-8160-57071-0764.fits,desi/spectra/type1/desi-spec-39633270970780469.fits,0,0.27461788,88
3.9633011041373496e+16,desi_neg,0.2309630811214447,233.00502000000006,36.501645,dr16_spectra/spec-10742-58198-0600.fits,desi/spectra/type2/desi-spec-39633011041373499.fits,0,0.2732861,89
4401882911.0,sdssv_neg,0.26589709520339966,40.89929599999999,0.69749765,dr16_spectra/spec-4240-55455-0838.fits,dr16_sdssv_crossmatch/spec-015015-59169-4401882911.fits,0,0.26989296,90
2.7021597920506e+16,sdssv_neg,0.1861899048089981,129.82231000000002,39.471667,dr16_spectra/spec-8828-57445-0698.fits,dr16_sdssv_crossmatch/spec-103027-60013-27021597920506002.fits,0,0.26187703,91
6.305039681665169e+16,sdssv_neg,0.08266985416412354,139.20414,22.053854,dr16_spectra/spec-5771-56011-0606.fits,dr16_sdssv_crossmatch/spec-102013-60670-63050396816651687.fits,0,0.26003093,92
3.962774199730281e+16,desi_neg,0.12544967234134674,333.03773,-2.050237,dr16_spectra/spec-4378-55853-0568.fits,desi/spectra/type1/desi-spec-39627741997302808.fits,0,0.25887418,93
6.305039482437593e+16,sdssv_neg,0.20534589886665344,163.5883,57.428965,dr16_spectra/spec-7102-56666-0488.fits,dr16_sdssv_crossmatch/spec-104544-60374-63050394824375929.fits,0,0.25665846,94
4595912928.0,sdssv_neg,0.30027472972869873,171.62554,24.21024,dr16_spectra/spec-6414-56306-0112.fits,dr16_sdssv_crossmatch/spec-015294-59314-4595912928.fits,0,0.25632414,95
3.962788686856388e+16,desi_neg,0.2063935250043869,330.0310999999999,4.02266,dr16_spectra/spec-11336-58429-0523.fits,desi/spectra/type1/desi-spec-39627886868563879.fits,0,0.25319123,96
2.702159815097634e+16,sdssv_neg,0.08422576636075974,151.19837,14.779339,dr16_spectra/spec-9577-57786-0573.fits,dr16_sdssv_crossmatch/spec-101265-60041-27021598150976340.fits,0,0.25087762,97
6.305039482203677e+16,sdssv_neg,0.14422950148582458,135.18721,38.922334,dr16_spectra/spec-4608-55973-0790.fits,dr16_sdssv_crossmatch/spec-103037-60671-63050394822036771.fits,0,0.24658707,98
2.7021597933571972e+16,sdssv_neg,0.13482169806957245,16.601425000000006,-2.7239352,dr16_spectra/spec-7915-57309-0712.fits,dr16_sdssv_crossmatch/spec-104666-59933-27021597933571973.fits,0,0.24339312,99
6.305039834417684e+16,sdssv_neg,0.019302163273096085,199.26423,-2.2613246,dr16_spectra/spec-4053-55591-0038.fits,dr16_sdssv_crossmatch/spec-103275-60707-63050398344176841.fits,0,0.24317338,100
4349127852.0,sdssv_neg,0.19765353202819824,227.29782,56.329666,dr16_spectra/spec-8416-57894-0140.fits,dr16_sdssv_crossmatch/spec-015307-59290-4349127852.fits,0,0.24279134,101
4400905050.0,sdssv_neg,0.16489152610301971,10.049497999999971,25.30234,dr16_spectra/spec-7673-57329-0482.fits,dr16_sdssv_crossmatch/spec-015006-59227-4400905050.fits,0,0.24253304,102
6.305039506720963e+16,sdssv_neg,0.13262678682804108,23.69545099999999,2.9377446,dr16_spectra/spec-7860-57006-0950.fits,dr16_sdssv_crossmatch/spec-104620-60236-63050395067209635.fits,0,0.23694949,103
3.9628281426743544e+16,desi_neg,0.16005216538906097,354.31872999999996,20.842095,dr16_spectra/spec-7601-56959-0699.fits,desi/spectra/type1/desi-spec-39628281426743544.fits,0,0.23605423,104
3.962796589764114e+16,desi_neg,0.1895616054534912,20.858401000000015,7.532609,dr16_spectra/spec-4556-55912-0266.fits,desi/spectra/type1/desi-spec-39627965897641136.fits,0,0.23449619,105
3.9627815452148776e+16,desi_neg,0.23464222252368927,31.276001000000008,1.132792,dr16_spectra/spec-4235-55451-0544.fits,desi/spectra/type2/desi-spec-39627815452148776.fits,0,0.2308543,106
3.962775996989825e+16,desi_neg,0.24088850617408752,324.3334,-1.132449,dr16_spectra/spec-4385-55752-0782.fits,desi/spectra/type2/desi-spec-39627759969898248.fits,0,0.23017646,107
3.962775723101795e+16,desi_neg,0.1839674860239029,161.18674999999996,-1.338391,dr16_spectra/spec-3771-55544-0972.fits,desi/spectra/type1/desi-spec-39627757231017954.fits,0,0.22976711,108
3.9627814516823176e+16,desi_neg,0.22327904403209686,335.6256900000001,1.042081,dr16_spectra/spec-9239-58018-0998.fits,desi/spectra/type1/desi-spec-39627814516823175.fits,0,0.22685835,109
6.305039660698072e+16,sdssv_neg,0.2886371314525604,20.647689000000014,-0.33291806,dr16_spectra/spec-8790-57363-0125.fits,dr16_sdssv_crossmatch/spec-104645-60211-63050396606980718.fits,0,0.22659048,110
6.305039581300651e+16,sdssv_neg,0.16049444675445557,43.772536,-4.1591936,dr16_spectra/spec-7878-57340-0683.fits,dr16_sdssv_crossmatch/spec-101872-60566-63050395813006513.fits,0,0.22608526,111
3.962841806877813e+16,desi_neg,0.1315356343984604,256.01127999999994,27.021649,dr16_spectra/spec-5014-55717-0526.fits,desi/spectra/type1/desi-spec-39628418068778129.fits,0,0.22566964,112
3.9627871701962024e+16,desi_neg,0.2832730710506439,144.837,3.4838477,dr16_spectra/spec-4797-55662-0162.fits,desi/spectra/type2/desi-spec-39627871701962024.fits,0,0.22359896,113
3.962779142717474e+16,desi_neg,0.16068312525749207,39.25807099999997,0.36266056,dr16_spectra/spec-4240-55455-0510.fits,desi/spectra/type2/desi-spec-39627791427174740.fits,0,0.22291791,114
6.30503965824772e+16,sdssv_neg,0.6546319127082825,21.199014999999974,32.124282,dr16_spectra/spec-7728-58138-0660.fits,dr16_sdssv_crossmatch/spec-100307-60580-63050396582477204.fits,0,0.22230282,115
3.9633289983558376e+16,desi_neg,0.26411715149879456,208.42979000000003,52.844785,dr16_spectra/spec-8209-57427-0901.fits,desi/spectra/type2/desi-spec-39633289983558376.fits,0,0.22114979,116
3.963331196171394e+16,desi_neg,0.20794010162353516,242.98901999999998,54.325932,dr16_spectra/spec-7564-56804-0812.fits,desi/spectra/type2/desi-spec-39633311961713937.fits,0,0.21973786,117
3.962782333744005e+16,desi_neg,0.1374926120042801,141.29078000000004,1.5924968,dr16_spectra/spec-4735-55651-0168.fits,desi/spectra/type1/desi-spec-39627823337440049.fits,0,0.21800832,118
2.7021597957615076e+16,sdssv_neg,0.1503559798002243,5.359426100000007,4.1850936,dr16_spectra/spec-4299-55827-0922.fits,dr16_sdssv_crossmatch/spec-104593-59911-27021597957615075.fits,0,0.21730529,119
3.962843030356059e+16,desi_neg,0.23845849931240082,355.25511000000006,27.533456,dr16_spectra/spec-7698-58013-0402.fits,desi/spectra/type1/desi-spec-39628430303560595.fits,0,0.21578848,120
6.305039506773e+16,sdssv_neg,0.2608361840248108,25.814078999999992,12.985547,dr16_spectra/spec-4658-55592-0420.fits,dr16_sdssv_crossmatch/spec-102260-60645-63050395067729998.fits,0,0.2146496,121
3.962800075230839e+16,desi_neg,0.13303372263908386,317.15698999999995,8.6985546,dr16_spectra/spec-11317-58398-0720.fits,desi/spectra/type1/desi-spec-39628000752308389.fits,0,0.21418294,122
3.962789409535341e+16,desi_neg,0.144056037068367,41.57315299999999,4.597033,dr16_spectra/spec-4258-55481-0836.fits,desi/spectra/type2/desi-spec-39627894095353411.fits,0,0.21388833,123
3.962823046594646e+16,desi_neg,0.11764577031135559,12.177303999999992,18.717061,dr16_spectra/spec-7618-56898-0850.fits,desi/spectra/type1/desi-spec-39628230465946462.fits,0,0.21173443,124
3.962762847008117e+16,desi_neg,0.17188513278961182,31.571864000000005,-6.386162,dr16_spectra/spec-7238-56660-0226.fits,desi/spectra/type2/desi-spec-39627628470081171.fits,0,0.20990327,125
6.305039517343726e+16,sdssv_neg,0.17429204285144806,167.57552999999996,10.77208,dr16_spectra/spec-5361-55973-0970.fits,dr16_sdssv_crossmatch/spec-101474-60707-63050395173437261.fits,0,0.20467182,126
3.963323224476925e+16,desi_neg,0.2288474142551422,173.59025999999994,49.014253,dr16_spectra/spec-6685-56412-0932.fits,desi/spectra/type1/desi-spec-39633232244769250.fits,0,0.20267394,127
2.702159792010598e+16,sdssv_neg,0.2633439898490906,129.66409,44.78176,dr16_spectra/spec-6382-56365-0887.fits,dr16_sdssv_crossmatch/spec-103033-59986-27021597920105981.fits,0,0.20255525,128
4346446692.0,sdssv_neg,0.783890962600708,244.55088,55.493403,dr16_spectra/spec-8065-58248-0823.fits,dr16_sdssv_crossmatch/spec-015329-59343-4346446692.fits,0,0.20085692,129
2.7021597961137964e+16,sdssv_neg,0.10924062877893448,2.782651699999974,27.452373,dr16_spectra/spec-7695-57654-0036.fits,dr16_sdssv_crossmatch/spec-104659-59902-27021597961137963.fits,0,0.1969074,130
3.96277790330089e+16,paper2,0.323,20.57261,-0.2998,desi/clagn_desi_dr16_sample_paper2/sdss/488_4229_55501.fits,desi/clagn_desi_dr16_sample_paper2/desi/desi-spec-39627779033008899.fits,1,0.19591889,131
3.96282810870065e+16,desi_neg,0.18058891594409943,332.74139,20.629215,dr16_spectra/spec-7579-56954-0451.fits,desi/spectra/type1/desi-spec-39628281087006494.fits,0,0.19563682,132
3.962803724694723e+16,desi_neg,0.09484321624040604,1.4562290999999732,10.377133,dr16_spectra/spec-11561-58485-0308.fits,desi/spectra/type1/desi-spec-39628037246947234.fits,0,0.19507994,133
3.963309574534316e+16,desi_neg,0.3762081265449524,213.93290000000002,40.919609,dr16_spectra/spec-8504-57518-0346.fits,desi/spectra/type1/desi-spec-39633095745343158.fits,0,0.19331758,134
2.7021598150433984e+16,sdssv_neg,0.2799643874168396,148.29399999999998,7.952611,dr16_spectra/spec-5324-55947-0405.fits,dr16_sdssv_crossmatch/spec-101281-59641-27021598150433985.fits,0,0.19273683,135
6.305039483443219e+16,sdssv_neg,0.11607455462217331,144.93232,56.041814,dr16_spectra/spec-8192-57348-0118.fits,dr16_sdssv_crossmatch/spec-102910-60686-63050394834432193.fits,0,0.19183484,136
3.9628507738803336e+16,desi_neg,0.24535086750984192,247.85009000000002,31.134974,dr16_spectra/spec-10919-58255-0815.fits,desi/spectra/type1/desi-spec-39628507738803333.fits,0,0.19093177,137
2.305843020789978e+18,desi_neg,0.1126963198184967,196.16458,47.117995,dr16_spectra/spec-6624-56385-0522.fits,desi/spectra/type1/desi-spec-2305843020789978129.fits,0,0.18963824,138
3.962758633829657e+16,desi_neg,0.262858510017395,21.423824000000025,-8.1796309,dr16_spectra/spec-7160-56599-0169.fits,desi/spectra/type2/desi-spec-39627586338296566.fits,0,0.18932673,139
2.702159813186996e+16,sdssv_neg,0.1438506841659546,175.14899000000003,-1.8783,dr16_spectra/spec-3775-55207-0200.fits,dr16_sdssv_crossmatch/spec-102883-59645-27021598131869960.fits,0,0.18631871,140
3.963335249546635e+16,desi_neg,0.25904354453086853,200.47596,57.150951,dr16_spectra/spec-8201-58146-0341.fits,desi/spectra/type1/desi-spec-39633352495466349.fits,0,0.18459834,141
3.962779137684805e+16,desi_neg,0.2295212745666504,36.39479799999998,0.30620319,dr16_spectra/spec-3615-56544-0628.fits,desi/spectra/type1/desi-spec-39627791376848044.fits,0,0.1845581,142
3.96330493563389e+16,desi_neg,0.25174587965011597,225.37723000000005,38.543671,dr16_spectra/spec-5168-56035-0648.fits,desi/spectra/type1/desi-spec-39633049356338900.fits,0,0.18013786,143
3.9627652541186616e+16,desi_neg,0.2989289164543152,33.14995699999997,-5.536574,dr16_spectra/spec-7237-56662-0384.fits,desi/spectra/type1/desi-spec-39627652541186614.fits,0,0.18005143,144
3.9627917218548344e+16,desi_neg,0.14169631898403168,343.5635199999999,5.2564975,dr16_spectra/spec-4412-55912-0062.fits,desi/spectra/type2/desi-spec-39627917218548347.fits,0,0.17743501,145
3.963316997613392e+16,desi_neg,0.20579391717910767,137.7735,45.285778,dr16_spectra/spec-5736-55984-0044.fits,desi/spectra/type1/desi-spec-39633169976133922.fits,0,0.17716643,146
4399276725.0,sdssv_neg,0.5384330153465271,7.964413999999977,1.091108,dr16_spectra/spec-9442-58076-0370.fits,dr16_sdssv_crossmatch/spec-015005-59167-4399276725.fits,0,0.17650186,147
4346224226.0,sdssv_neg,0.5576854348182678,243.60311000000002,49.353806,dr16_spectra/spec-6316-56483-0242.fits,dr16_sdssv_crossmatch/spec-015403-59383-4346224226.fits,0,0.17445378,148
3.963300593270842e+16,desi_neg,0.18860535323619843,215.30375000000004,36.147423,dr16_spectra/spec-3859-55246-0798.fits,desi/spectra/type1/desi-spec-39633005932708415.fits,0,0.1734118,149
3.963309970056826e+16,desi_neg,0.185245081782341,165.76311999999996,41.281025,dr16_spectra/spec-8366-57432-0234.fits,desi/spectra/type1/desi-spec-39633099700568258.fits,0,0.17179814,150
3.962765863131794e+16,desi_neg,0.14234596490859985,37.666120999999976,-5.2664995,dr16_spectra/spec-7235-56603-0229.fits,desi/spectra/type1/desi-spec-39627658631317934.fits,0,0.17059802,151
3.963316561825021e+16,desi_neg,0.23857271671295166,131.08209,45.02546,dr16_spectra/spec-5163-55889-0184.fits,desi/spectra/type1/desi-spec-39633165618250212.fits,0,0.16804197,152
3.963300082824215e+16,desi_neg,0.1715150624513626,199.62182000000007,35.938144,dr16_spectra/spec-8871-57519-0032.fits,desi/spectra/type1/desi-spec-39633000828242153.fits,0,0.16793534,153
3.963316545467427e+16,desi_neg,0.18560628592967987,117.46744000000001,45.09827,dr16_spectra/spec-6376-56269-0588.fits,desi/spectra/type1/desi-spec-39633165454674272.fits,0,0.1668014,154
6358919866.0,sdssv_neg,0.3843887448310852,36.07667900000001,-5.176392,dr16_spectra/spec-6369-56217-0212.fits,dr16_sdssv_crossmatch/spec-015002-59146-6358919866.fits,0,0.1663611,155
3.962764053289548e+16,desi_neg,0.1756480485200882,34.450643000000014,-5.8852581,dr16_spectra/spec-7237-56662-0094.fits,desi/spectra/type2/desi-spec-39627640532895477.fits,0,0.16583139,156
3.962788714958281e+16,desi_neg,0.1530396193265915,346.85974,4.1072074,dr16_spectra/spec-11296-58425-0555.fits,desi/spectra/type1/desi-spec-39627887149582805.fits,0,0.1656577,157
3.963305300957634e+16,desi_neg,0.17705988883972168,143.26119,38.874453,dr16_spectra/spec-8832-57445-0140.fits,desi/spectra/type1/desi-spec-39633053009576340.fits,0,0.16406271,158
3.962784446414972e+16,desi_neg,0.2089880406856537,320.53601000000003,2.2300586,dr16_spectra/spec-9161-57691-0920.fits,desi/spectra/type1/desi-spec-39627844464149721.fits,0,0.163423,159
3.9632996164175144e+16,desi_neg,0.23573285341262817,217.28175999999996,35.625141,dr16_spectra/spec-10757-58223-0773.fits,desi/spectra/type1/desi-spec-39632996164175141.fits,0,0.16168286,160
3.963307696744308e+16,desi_neg,0.2208099067211151,185.75391000000002,40.047681,dr16_spectra/spec-8834-57458-0798.fits,desi/spectra/type1/desi-spec-39633076967443081.fits,0,0.16020204,161
4351898830.0,sdssv_neg,0.6802696585655212,185.98915,51.403974,dr16_spectra/spec-6675-56415-0758.fits,dr16_sdssv_crossmatch/spec-015237-59256-4351898830.fits,0,0.15799437,162
4383231564.0,sdssv_neg,0.07962100952863693,344.50955999999996,18.879111,dr16_spectra/spec-7608-56945-0603.fits,dr16_sdssv_crossmatch/spec-015028-59166-4383231564.fits,0,0.15795234,163
3.962799948143117e+16,desi_neg,0.23651470243930817,240.46668999999997,8.764732,dr16_spectra/spec-5207-56018-0514.fits,desi/spectra/type1/desi-spec-39627999481431166.fits,0,0.15711275,164
3.962844068446436e+16,desi_neg,0.26577028632164,334.09196999999995,28.07131,dr16_spectra/spec-7649-57574-0754.fits,desi/spectra/type1/desi-spec-39628440684464358.fits,0,0.15709989,165
3.962774803710249e+16,desi_neg,0.09590128064155579,333.10442,-1.7020233,dr16_spectra/spec-4378-55853-0592.fits,desi/spectra/type1/desi-spec-39627748037102490.fits,0,0.15692753,166
3.96284938221043e+16,desi_neg,0.12663716077804565,2.295839199999989,30.769352,dr16_spectra/spec-7745-58077-0462.fits,desi/spectra/type1/desi-spec-39628493822104306.fits,0,0.15452059,167
4401936349.0,sdssv_neg,0.1975114643573761,42.529278999999974,0.42371699,dr16_spectra/spec-9380-58081-0249.fits,dr16_sdssv_crossmatch/spec-015049-59193-4401936349.fits,0,0.15413183,168
2.3058430178204093e+18,desi_neg,0.09269373118877411,226.94317999999998,3.5086418,dr16_spectra/spec-4776-55652-0334.fits,desi/spectra/type1/desi-spec-2305843017820409241.fits,0,0.15410641,169
2.70215979265254e+16,sdssv_neg,0.0617954358458519,321.00790000000006,-0.36632043,dr16_spectra/spec-4193-55476-0354.fits,dr16_sdssv_crossmatch/spec-104646-60109-27021597926525399.fits,0,0.1528412,170
3.963330093908037e+16,desi_neg,0.25852829217910767,212.31539999999995,53.456061,dr16_spectra/spec-7339-56782-0568.fits,desi/spectra/type1/desi-spec-39633300939080369.fits,0,0.15211709,171
6.3050394913268184e+16,sdssv_neg,0.4935906231403351,340.25846,27.549842,dr16_spectra/spec-7655-57336-0792.fits,dr16_sdssv_crossmatch/spec-104613-60235-63050394913268186.fits,0,0.15007003,172
6.30503948501285e+16,sdssv_neg,0.2578130066394806,204.65302999999994,44.245131,dr16_spectra/spec-8379-57787-0854.fits,dr16_sdssv_crossmatch/spec-100352-60689-63050394850128493.fits,0,0.14820994,173
4374642523.0,sdssv_neg,0.22083823382854462,10.271812000000011,-1.7471656,dr16_spectra/spec-7869-57012-0730.fits,dr16_sdssv_crossmatch/spec-015007-59187-4374642523.fits,0,0.14805984,174
3.962777610538704e+16,desi_neg,0.09126042574644089,206.24279,-0.59932,dr16_spectra/spec-4043-55630-0182.fits,desi/spectra/type1/desi-spec-39627776105387041.fits,0,0.14746273,175
2.702159795815033e+16,sdssv_neg,0.25775146484375,19.792329999999993,0.16225405,dr16_spectra/spec-4227-55481-0977.fits,dr16_sdssv_crossmatch/spec-104645-59936-27021597958150330.fits,0,0.14680682,176
3.962788064422016e+16,desi_neg,0.16851942241191864,318.63393999999994,3.810739,dr16_spectra/spec-11315-58402-0642.fits,desi/spectra/type1/desi-spec-39627880644220158.fits,0,0.1457179,177
3.962783957779161e+16,desi_neg,0.22165295481681824,29.468863999999996,2.1650046,dr16_spectra/spec-4271-55507-0360.fits,desi/spectra/type2/desi-spec-39627839577791609.fits,0,0.14538023,178
2.702159795752977e+16,sdssv_neg,0.4728533625602722,5.353639699999974,1.5135221,dr16_spectra/spec-7854-56989-0352.fits,dr16_sdssv_crossmatch/spec-104619-59910-27021597957529769.fits,0,0.1453137,179
3.963716120451507e+16,desi_neg,0.22657757997512817,355.07205,24.46627,dr16_spectra/spec-7667-57580-0447.fits,desi/spectra/type1/desi-spec-39637161204515070.fits,0,0.14274845,180
3.963331549751069e+16,desi_neg,0.23154491186141968,243.58065999999997,54.395007,dr16_spectra/spec-7565-56809-0131.fits,desi/spectra/type2/desi-spec-39633315497510686.fits,0,0.1426877,181
3.962794399079155e+16,desi_neg,0.2323862910270691,146.72571,6.5251549,dr16_spectra/spec-4873-55926-0388.fits,desi/spectra/type1/desi-spec-39627943990791549.fits,0,0.14246957,182
3.962776092200538e+16,desi_neg,0.24583305418491364,21.118372000000022,-0.94358461,dr16_spectra/spec-8791-57373-0434.fits,desi/spectra/type1/desi-spec-39627760922005379.fits,0,0.14211245,183
3.962804112667794e+16,desi_neg,0.36831432580947876,236.27917000000002,10.402199,dr16_spectra/spec-5208-56008-0564.fits,desi/spectra/type2/desi-spec-39628041126677938.fits,0,0.14020243,184
6.3050395067284616e+16,sdssv_neg,0.23466509580612183,22.022422000000006,4.9477615,dr16_spectra/spec-8762-57693-0874.fits,dr16_sdssv_crossmatch/spec-102708-60616-63050395067284617.fits,0,0.13976298,185
6.305039482199734e+16,sdssv_neg,0.217779740691185,134.96799,36.18077,dr16_spectra/spec-8860-57458-0204.fits,dr16_sdssv_crossmatch/spec-103030-60706-63050394821997346.fits,0,0.1376449,186
4376163121.0,sdssv_neg,0.186442568898201,39.70038199999999,-0.19240583,dr16_spectra/spec-4239-55458-0116.fits,dr16_sdssv_crossmatch/spec-015015-59169-4376163121.fits,0,0.13641536,187
3.962777211660216e+16,desi_neg,0.19763880968093872,328.35022000000004,-0.69923166,dr16_spectra/spec-4197-55479-0187.fits,desi/spectra/type1/desi-spec-39627772116602156.fits,0,0.13455644,188
3.962788162988066e+16,desi_neg,0.19956618547439575,17.40503799999999,4.0115041,dr16_spectra/spec-8756-57687-0160.fits,desi/spectra/type1/desi-spec-39627881629880654.fits,0,0.13424307,189
3.962820996418834e+16,desi_neg,0.23516754806041718,168.24575000000004,17.669095,dr16_spectra/spec-5889-56038-0400.fits,desi/spectra/type1/desi-spec-39628209964188338.fits,0,0.13384886,190
3.962852207493309e+16,desi_neg,0.2133098691701889,169.26552000000004,31.970994,dr16_spectra/spec-6438-56367-0618.fits,desi/spectra/type1/desi-spec-39628522074933085.fits,0,0.13376226,191
3.9627826478980184e+16,desi_neg,0.11850336939096451,328.71036000000004,1.6244014,dr16_spectra/spec-5146-55831-0990.fits,desi/spectra/type1/desi-spec-39627826478980184.fits,0,0.13321409,192
3.962783955262736e+16,desi_neg,0.36019575595855713,27.99014199999999,2.2475427,dr16_spectra/spec-7839-56900-0890.fits,desi/spectra/type1/desi-spec-39627839552627359.fits,0,0.13311538,193
3.963298143797629e+16,desi_neg,0.12576106190681458,223.21965,35.041792,dr16_spectra/spec-4715-55653-0431.fits,desi/spectra/type1/desi-spec-39632981437976287.fits,0,0.13226649,194
3.96279273100427e+16,desi_neg,0.2183629721403122,227.52157,5.634807,dr16_spectra/spec-4776-55652-0766.fits,desi/spectra/type2/desi-spec-39627927310042700.fits,0,0.13171472,195
2.7021597957653012e+16,sdssv_neg,0.5194113850593567,8.148897999999974,1.541449,dr16_spectra/spec-9442-58076-0342.fits,dr16_sdssv_crossmatch/spec-104649-59898-27021597957653013.fits,0,0.13164058,196
2.305843020836118e+18,desi_neg,0.16208860278129578,202.56710999999996,52.85052,dr16_spectra/spec-8208-57430-0590.fits,desi/spectra/type1/desi-spec-2305843020836117943.fits,0,0.13057983,197
6.305039506708033e+16,sdssv_neg,0.14687462151050568,15.563447999999994,5.057551,dr16_spectra/spec-8754-58425-0230.fits,dr16_sdssv_crossmatch/spec-102672-60615-63050395067080328.fits,0,0.13028255,198
6.305039506659418e+16,sdssv_neg,0.7493373155593872,13.971154000000013,-4.0158402,dr16_spectra/spec-7912-57310-0392.fits,dr16_sdssv_crossmatch/spec-102705-60661-63050395066594172.fits,0,0.13006096,199
6.305039506591642e+16,sdssv_neg,0.1403842717409134,33.47976799999998,-5.855919,dr16_spectra/spec-7237-56662-0291.fits,dr16_sdssv_crossmatch/spec-104662-60235-63050395065916420.fits,0,0.12896422,200
3.962778407456705e+16,desi_neg,0.1735714077949524,321.18613000000005,-0.33801788,dr16_spectra/spec-4193-55476-0318.fits,desi/spectra/type1/desi-spec-39627784074567048.fits,0,0.12784,201
3.962782141645531e+16,desi_neg,0.19058826565742493,26.965468999999985,1.501024,dr16_spectra/spec-7839-56900-0343.fits,desi/spectra/type2/desi-spec-39627821416455310.fits,0,0.12742394,202
6.30503948267108e+16,sdssv_neg,0.4849814176559448,112.91692,35.517869,dr16_spectra/spec-9363-57742-0812.fits,dr16_sdssv_crossmatch/spec-100841-60707-63050394826710800.fits,0,0.124429636,203
2.702159815594183e+16,sdssv_neg,0.24131597578525543,204.91506000000004,3.5194072,dr16_spectra/spec-4786-55651-0296.fits,dr16_sdssv_crossmatch/spec-103312-60105-27021598155941832.fits,0,0.12437299,204
2.702159793372828e+16,sdssv_neg,0.3838876485824585,25.416410999999982,-0.20883359,dr16_spectra/spec-8792-57364-0061.fits,dr16_sdssv_crossmatch/spec-104637-59827-27021597933728278.fits,0,0.124368474,205
3.962839774737241e+16,desi_neg,0.20935006439685822,344.18448,26.022268,dr16_spectra/spec-7658-57312-0716.fits,desi/spectra/type1/desi-spec-39628397747372409.fits,0,0.124305755,206
3.962826269497878e+16,desi_neg,0.34674155712127686,244.30465000000004,19.964111,dr16_spectra/spec-4057-55357-0290.fits,desi/spectra/type2/desi-spec-39628262694978780.fits,0,0.12361866,207
2.70216000433457e+16,sdssv_neg,0.1835915893316269,350.49605999999994,0.12745592,dr16_spectra/spec-4211-55446-0514.fits,dr16_sdssv_crossmatch/spec-104579-59879-27021600043345699.fits,0,0.12351545,208
6.3050395075287176e+16,sdssv_neg,0.11919952183961868,345.80299,17.512901,dr16_spectra/spec-7608-56945-0126.fits,dr16_sdssv_crossmatch/spec-103868-60577-63050395075287179.fits,0,0.123129845,209
3.963296127595519e+16,desi_neg,0.3802775740623474,208.16379000000006,33.913522,dr16_spectra/spec-10259-58190-0197.fits,desi/spectra/type1/desi-spec-39632961275955189.fits,0,0.122913785,210
6.305039506773174e+16,sdssv_neg,0.197648286819458,26.239526000000012,13.541683,dr16_spectra/spec-11052-58438-0298.fits,dr16_sdssv_crossmatch/spec-102260-60645-63050395067731746.fits,0,0.121563345,211
6.3050395074543976e+16,sdssv_neg,0.17519624531269073,10.307451000000015,25.446181,dr16_spectra/spec-6286-56301-0466.fits,dr16_sdssv_crossmatch/spec-104664-60610-63050395074543978.fits,0,0.11992684,212
6.305039482359459e+16,sdssv_neg,0.22261030972003937,140.07955000000004,39.87214,dr16_spectra/spec-8831-57448-0890.fits,dr16_sdssv_crossmatch/spec-103044-60707-63050394823594590.fits,0,0.11949865,213
3.962799317739251e+16,desi_neg,0.2681009769439697,220.71006999999997,8.5366608,dr16_spectra/spec-5472-55976-0340.fits,desi/spectra/type1/desi-spec-39627993177392510.fits,0,0.1179338,214
6.3050395067074184e+16,sdssv_neg,0.19750118255615234,14.923680999999988,4.2457482,dr16_spectra/spec-8753-57373-0860.fits,dr16_sdssv_crossmatch/spec-102672-60615-63050395067074187.fits,0,0.11733789,215
3.962779669102608e+16,desi_neg,0.351930171251297,353.00171,0.26886734,dr16_spectra/spec-4211-55446-0997.fits,desi/spectra/type1/desi-spec-39627796691026082.fits,0,0.117299326,216
6.305039481915021e+16,sdssv_neg,0.19322922825813293,142.96626000000003,19.60987,dr16_spectra/spec-5766-56248-0548.fits,dr16_sdssv_crossmatch/spec-102028-60674-63050394819150209.fits,0,0.116729945,217
2.702159791997712e+16,sdssv_neg,0.29933828115463257,125.52184,45.896979,dr16_spectra/spec-7328-56715-0030.fits,dr16_sdssv_crossmatch/spec-102887-59984-27021597919977122.fits,0,0.11667275,218
3.962784445576487e+16,desi_neg,0.29047781229019165,320.17004,2.3515845,dr16_spectra/spec-9161-57691-0830.fits,desi/spectra/type1/desi-spec-39627844455764875.fits,0,0.11660538,219
6.305039506684301e+16,sdssv_neg,0.7663477063179016,16.193115999999975,3.6115594,dr16_spectra/spec-4311-55506-0764.fits,dr16_sdssv_crossmatch/spec-104627-60582-63050395066843012.fits,0,0.11652204,220
6325449260.0,sdssv_neg,0.32805272936820984,24.952526999999975,-0.15621854,dr16_spectra/spec-8792-57364-0195.fits,dr16_sdssv_crossmatch/spec-015012-59166-6325449260.fits,0,0.11636201,221
4360800088.0,sdssv_neg,0.1603715419769287,131.84126000000003,52.040721,dr16_spectra/spec-5157-55923-0150.fits,dr16_sdssv_crossmatch/spec-015244-59257-4360800088.fits,0,0.11600647,222
3.963319504968308e+16,desi_neg,0.12063669413328171,120.60140999999999,46.716901,dr16_spectra/spec-6390-56244-0831.fits,desi/spectra/type1/desi-spec-39633195049683081.fits,0,0.11450876,223
6.305039506721214e+16,sdssv_neg,0.5001614689826965,21.458244999999977,2.058963,dr16_spectra/spec-7860-57006-0539.fits,dr16_sdssv_crossmatch/spec-104573-60236-63050395067212141.fits,0,0.11432798,224
3.9633275089585544e+16,desi_neg,0.1816468983888626,203.90004,51.743192,dr16_spectra/spec-6738-56424-0886.fits,desi/spectra/type1/desi-spec-39633275089585547.fits,0,0.114256784,225
3.962793002795078e+16,desi_neg,0.31181052327156067,30.16046,5.9635408,dr16_spectra/spec-8735-58133-0218.fits,desi/spectra/type1/desi-spec-39627930027950787.fits,0,0.11381668,226
2.702159795755264e+16,sdssv_neg,0.11831630021333694,5.905789099999993,2.4938891,dr16_spectra/spec-7854-56989-0799.fits,dr16_sdssv_crossmatch/spec-104619-59910-27021597957552642.fits,0,0.1137657,227
6.305039506668876e+16,sdssv_neg,0.38798287510871887,17.733408999999995,-3.565151,dr16_spectra/spec-7915-57309-0971.fits,dr16_sdssv_crossmatch/spec-102715-60660-63050395066688761.fits,0,0.113257326,228
3.962774279841912e+16,desi_neg,0.24715076386928558,20.91594600000002,-1.8592514,dr16_spectra/spec-7877-56898-0852.fits,desi/spectra/type1/desi-spec-39627742798419119.fits,0,0.112876,229
6.3050395066788376e+16,sdssv_neg,0.24948878586292267,13.30516,0.29837805,dr16_spectra/spec-3590-55201-0984.fits,dr16_sdssv_crossmatch/spec-104650-60225-63050395066788376.fits,0,0.11286647,230
3.962771838337365e+16,desi_neg,0.26105961203575134,5.609229299999981,-2.8676133,dr16_spectra/spec-4366-55536-0026.fits,desi/spectra/type2/desi-spec-39627718383373644.fits,0,0.11162215,231
6.305039507353409e+16,sdssv_neg,0.08759985864162445,0.4368958200000179,11.166666,dr16_spectra/spec-11546-58488-0990.fits,dr16_sdssv_crossmatch/spec-104091-60563-63050395073534085.fits,0,0.110965945,232
3.962846785097005e+16,desi_neg,0.18589022755622864,18.13357000000002,29.569215,dr16_spectra/spec-6259-56565-0858.fits,desi/spectra/type2/desi-spec-39628467850970045.fits,0,0.11055548,233
3.962775444180512e+16,desi_neg,0.29603466391563416,354.85497,-1.4142354,dr16_spectra/spec-9157-57742-0219.fits,desi/spectra/type1/desi-spec-39627754441805121.fits,0,0.11051497,234
3.9627905176699576e+16,desi_neg,0.1968575268983841,343.74107000000004,4.7817229,dr16_spectra/spec-11306-58450-0414.fits,desi/spectra/type1/desi-spec-39627905176699575.fits,0,0.109801486,235
3.962837026209795e+16,desi_neg,0.17617115378379822,332.51914,24.825194,dr16_spectra/spec-7644-57327-0088.fits,desi/spectra/type1/desi-spec-39628370262097953.fits,0,0.10975674,236
3.962777935178025e+16,desi_neg,0.186442568898201,39.70038199999999,-0.19240583,dr16_spectra/spec-4239-55458-0116.fits,desi/spectra/type1/desi-spec-39627779351780248.fits,0,0.109612145,237
2.7021597940596468e+16,sdssv_neg,0.1530396193265915,346.85974,4.1072074,dr16_spectra/spec-11296-58425-0555.fits,dr16_sdssv_crossmatch/spec-104617-59878-27021597940596469.fits,0,0.10960114,238
3.962828895971025e+16,desi_neg,0.25331807136535645,114.69400999999999,21.224114,dr16_spectra/spec-11085-58462-0144.fits,desi/spectra/type1/desi-spec-39628288959710249.fits,0,0.10930773,239
3.962817287395827e+16,desi_neg,0.15188981592655182,20.079880000000003,16.364321,dr16_spectra/spec-5139-55866-0082.fits,desi/spectra/type1/desi-spec-39628172873958270.fits,0,0.109191805,240
6030571622.0,sdssv_neg,0.7930490374565125,214.95759999999996,53.509294,dr16_spectra/spec-7339-56799-0893.fits,dr16_sdssv_crossmatch/spec-015171-59252-6030571622.fits,0,0.10819256,241
6.30503950729595e+16,sdssv_neg,0.23573414981365204,359.63732000000005,1.6708068,dr16_spectra/spec-9179-57682-0892.fits,dr16_sdssv_crossmatch/spec-104059-60539-63050395072959505.fits,0,0.10794112,242
3.963300126864251e+16,desi_neg,0.2694292962551117,231.84068000000002,36.004499,dr16_spectra/spec-4978-56036-0222.fits,desi/spectra/type2/desi-spec-39633001268642511.fits,0,0.107922904,243
3.962777280027925e+16,desi_neg,0.39880096912384033,9.242640499999993,-0.41531646,dr16_spectra/spec-3587-55182-0224.fits,desi/spectra/type1/desi-spec-39627772800279247.fits,0,0.10782378,244
6.3050394824175624e+16,sdssv_neg,0.18166467547416687,166.83775000000003,54.306149,dr16_spectra/spec-8171-57135-0427.fits,dr16_sdssv_crossmatch/spec-104565-60704-63050394824175626.fits,0,0.107671395,245
2.702159791008318e+16,sdssv_neg,0.456331342458725,213.35114999999996,53.09082,dr16_spectra/spec-7340-58289-0736.fits,dr16_sdssv_crossmatch/spec-016169-59636-27021597910083180.fits,0,0.107497245,246
3.962814302309712e+16,desi_neg,0.09511938691139221,336.29321000000004,14.779896,dr16_spectra/spec-5037-55823-0250.fits,desi/spectra/type2/desi-spec-39628143023097116.fits,0,0.1072869,247
3.9627980007277624e+16,desi_neg,0.2799643874168396,148.29399999999998,7.952611,dr16_spectra/spec-5324-55947-0405.fits,desi/spectra/type1/desi-spec-39627980007277626.fits,0,0.10711621,248
2.7021597929659524e+16,sdssv_neg,0.480851411819458,347.7658799999999,-0.18610209,dr16_spectra/spec-4209-55478-0398.fits,dr16_sdssv_crossmatch/spec-104616-59847-27021597929659524.fits,0,0.10691808,249
3.963331121512499e+16,desi_neg,0.18166467547416687,166.83775000000003,54.306149,dr16_spectra/spec-8171-57135-0427.fits,desi/spectra/type1/desi-spec-39633311215124990.fits,0,0.10640101,250
3.962771830787707e+16,desi_neg,0.3145153820514679,1.130618200000015,-2.6506704,dr16_spectra/spec-4354-55810-0106.fits,desi/spectra/type1/desi-spec-39627718307877076.fits,0,0.10548088,251
3.962847457444454e+16,desi_neg,0.18813522160053253,118.17721,29.758813,dr16_spectra/spec-10291-58101-0044.fits,desi/spectra/type2/desi-spec-39628474574444541.fits,0,0.104925804,252
2.7021598149634416e+16,sdssv_neg,0.2883272171020508,222.06033000000002,-0.29537,dr16_spectra/spec-4022-55352-0026.fits,dr16_sdssv_crossmatch/spec-102358-59651-27021598149634414.fits,0,0.10445503,253
3.962778805915165e+16,desi_neg,0.15188506245613098,198.65184999999997,0.066673472,dr16_spectra/spec-4004-55321-0359.fits,desi/spectra/type2/desi-spec-39627788059151644.fits,0,0.104138315,254
3.96282778196392e+16,desi_neg,0.23522303998470306,124.53656000000001,20.819485,dr16_spectra/spec-4486-55588-0864.fits,desi/spectra/type1/desi-spec-39628277819639200.fits,0,0.10384838,255
3.962851464682223e+16,desi_neg,0.22553078830242157,9.583553400000028,31.851354,dr16_spectra/spec-7715-57364-0779.fits,desi/spectra/type1/desi-spec-39628514646822235.fits,0,0.103587076,256
3.963656850323086e+16,desi_neg,0.3344312012195587,345.9512,-0.64852824,dr16_spectra/spec-4208-55476-0439.fits,desi/spectra/type1/desi-spec-39636568503230868.fits,0,0.10358207,257
6.305039506646269e+16,sdssv_neg,0.2920458912849426,28.965979000000004,4.1471122,dr16_spectra/spec-8738-57402-0820.fits,dr16_sdssv_crossmatch/spec-101855-60638-63050395066462691.fits,0,0.10215685,258
4350080199.0,sdssv_neg,0.14698483049869537,233.10063000000002,39.024216,dr16_spectra/spec-10741-58230-0910.fits,dr16_sdssv_crossmatch/spec-015358-59387-4350080199.fits,0,0.101809785,259
3.963294668816573e+16,desi_neg,0.26526597142219543,245.79655000000002,33.329015,dr16_spectra/spec-10913-58256-0688.fits,desi/spectra/type1/desi-spec-39632946688165732.fits,0,0.100381665,260
3.96280555005563e+16,desi_neg,0.1902904510498047,27.359516999999983,11.137149,dr16_spectra/spec-11053-58437-0202.fits,desi/spectra/type1/desi-spec-39628055500556308.fits,0,0.0997675,261
3.962791780994329e+16,desi_neg,0.10783497989177704,18.87037700000002,5.5256848,dr16_spectra/spec-4425-55864-0388.fits,desi/spectra/type2/desi-spec-39627917809943291.fits,0,0.099164695,262
4399906620.0,sdssv_neg,0.17755618691444397,24.697625000000016,0.47945389,dr16_spectra/spec-7843-56902-0508.fits,dr16_sdssv_crossmatch/spec-015012-59166-4399906620.fits,0,0.09833242,263
6.305039482241866e+16,sdssv_neg,0.5368824601173401,149.25202000000002,28.678225,dr16_spectra/spec-10446-58133-0628.fits,dr16_sdssv_crossmatch/spec-103059-60703-63050394822418652.fits,0,0.09825832,264
3.9627882003171096e+16,desi_neg,0.10455934703350067,39.61071700000002,4.1105655,dr16_spectra/spec-4260-55478-0194.fits,desi/spectra/type2/desi-spec-39627882003171099.fits,0,0.09814542,265
3.962823399335927e+16,desi_neg,0.19161760807037354,233.98375999999996,18.769385,dr16_spectra/spec-3938-55328-0814.fits,desi/spectra/type2/desi-spec-39628233993359269.fits,0,0.09814265,266
6.305039517162995e+16,sdssv_neg,0.720707893371582,165.11113,9.0492301,dr16_spectra/spec-5359-55953-0756.fits,dr16_sdssv_crossmatch/spec-101217-60408-63050395171629951.fits,0,0.0971464,267
6.305039485088693e+16,sdssv_neg,0.6334508657455444,184.74514,48.365582,dr16_spectra/spec-7421-57159-0568.fits,dr16_sdssv_crossmatch/spec-104631-60707-63050394850886924.fits,0,0.0971422,268
4383243102.0,sdssv_neg,0.3479991555213928,345.26232000000005,19.726741,dr16_spectra/spec-7608-56945-0790.fits,dr16_sdssv_crossmatch/spec-015028-59166-4383243102.fits,0,0.096878685,269
3.962808865233785e+16,desi_neg,0.1922818273305893,244.41601000000003,12.602294,dr16_spectra/spec-4070-55681-0100.fits,desi/spectra/type1/desi-spec-39628088652337847.fits,0,0.09592015,270
2.702159791999097e+16,sdssv_neg,0.1473490595817566,127.82499000000001,45.006794,dr16_spectra/spec-6394-56330-0220.fits,dr16_sdssv_crossmatch/spec-102887-59984-27021597919990968.fits,0,0.09578527,271
6.305039506684117e+16,sdssv_neg,0.37422338128089905,16.120830000000012,3.1759252,dr16_spectra/spec-4311-55506-0752.fits,dr16_sdssv_crossmatch/spec-102672-60615-63050395066841169.fits,0,0.09535023,272
3.962797121182302e+16,desi_neg,0.14175787568092346,339.70965,7.5942381,dr16_spectra/spec-5058-56208-0116.fits,desi/spectra/type2/desi-spec-39627971211823025.fits,0,0.0952048,273
4602376234.0,sdssv_neg,0.16628265380859375,206.41677000000004,28.023154,dr16_spectra/spec-6006-56105-0526.fits,dr16_sdssv_crossmatch/spec-015301-59314-4602376234.fits,0,0.09462161,274
3.962778481275916e+16,desi_neg,0.20608937740325928,5.057809799999973,0.065935509,dr16_spectra/spec-4219-55480-0698.fits,desi/spectra/type1/desi-spec-39627784812759157.fits,0,0.09368867,275
3.963337776195541e+16,desi_neg,0.3580837547779083,169.28945999999996,59.267448,dr16_spectra/spec-8183-57375-0660.fits,desi/spectra/type1/desi-spec-39633377761955410.fits,0,0.09359261,276
4376219589.0,sdssv_neg,0.6220982074737549,44.487442999999985,-1.3562798,dr16_spectra/spec-7820-56984-0163.fits,dr16_sdssv_crossmatch/spec-015049-59193-4376219589.fits,0,0.093166314,277
3.962781555701231e+16,desi_neg,0.2659231424331665,37.68721800000003,1.2127818,dr16_spectra/spec-3615-55179-0862.fits,desi/spectra/type1/desi-spec-39627815557012315.fits,0,0.0928727,278
3.962841276717537e+16,desi_neg,0.10136731714010239,262.20216000000005,26.633782,dr16_spectra/spec-5004-55711-0350.fits,desi/spectra/type2/desi-spec-39628412767175368.fits,0,0.092811435,279
6.305039506627789e+16,sdssv_neg,0.16189247369766235,30.008924999999977,1.3454488,dr16_spectra/spec-7836-57278-0181.fits,dr16_sdssv_crossmatch/spec-104603-60593-63050395066277886.fits,0,0.092261665,280
3.962779287841013e+16,desi_neg,0.3618835210800171,125.98561999999998,0.25775235,dr16_spectra/spec-4790-55888-0075.fits,desi/spectra/type2/desi-spec-39627792878410124.fits,0,0.092077546,281
6.305039482122758e+16,sdssv_neg,0.2016965001821518,136.39896999999996,23.577831,dr16_spectra/spec-11675-58523-0812.fits,dr16_sdssv_crossmatch/spec-101998-60658-63050394821227580.fits,0,0.091693535,282
6.305039482543664e+16,sdssv_neg,0.6730760931968689,120.84280999999999,30.850945,dr16_spectra/spec-3755-55504-0778.fits,dr16_sdssv_crossmatch/spec-100851-60702-63050394825436640.fits,0,0.09127239,283
4555211310.0,sdssv_neg,0.7007589936256409,121.18020000000001,32.924254,dr16_spectra/spec-3756-55505-0766.fits,dr16_sdssv_crossmatch/spec-015023-59167-4555211310.fits,0,0.09110407,284
4555540902.0,sdssv_neg,0.3750957250595093,125.04041000000001,37.766729,dr16_spectra/spec-8857-57449-0602.fits,dr16_sdssv_crossmatch/spec-015055-59230-4555540902.fits,0,0.09096897,285
3.962784271932123e+16,desi_neg,0.25543132424354553,216.65138000000002,2.1537044,dr16_spectra/spec-4024-55646-0510.fits,desi/spectra/type2/desi-spec-39627842719321228.fits,0,0.09076452,286
3.962778506861563e+16,desi_neg,0.21886809170246124,20.426772000000028,-0.06418263,dr16_spectra/spec-8790-57363-0859.fits,desi/spectra/type2/desi-spec-39627785068615628.fits,0,0.0901267,287
3.96277128888324e+16,desi_neg,0.17781172692775726,38.01109700000001,-3.0843618,dr16_spectra/spec-4344-55557-0180.fits,desi/spectra/type2/desi-spec-39627712888832403.fits,0,0.08981416,288
3.962786260871449e+16,desi_neg,0.2060985416173935,322.24468,2.8891167,dr16_spectra/spec-4080-55471-0215.fits,desi/spectra/type2/desi-spec-39627862608714487.fits,0,0.089783296,289
3.963331900394954e+16,desi_neg,0.22895102202892303,243.66824999999994,54.652261,dr16_spectra/spec-7564-56804-0952.fits,desi/spectra/type1/desi-spec-39633319003949540.fits,0,0.08970194,290
6.305039506681064e+16,sdssv_neg,0.1731574535369873,15.697869000000026,1.0645268,dr16_spectra/spec-8788-57360-0787.fits,dr16_sdssv_crossmatch/spec-104572-60234-63050395066810644.fits,0,0.08966911,291
3.96281881957557e+16,desi_neg,0.23154869675636292,251.73126000000002,16.703683,dr16_spectra/spec-4059-55360-0270.fits,desi/spectra/type1/desi-spec-39628188195755693.fits,0,0.08923505,292
3.963322004353854e+16,desi_neg,0.10000871866941452,157.1807,48.225215,dr16_spectra/spec-6656-56624-0494.fits,desi/spectra/type1/desi-spec-39633220043538546.fits,0,0.08888336,293
3.9627869487367e+16,desi_neg,0.3517155349254608,12.539275999999973,3.49128,dr16_spectra/spec-9445-58097-0935.fits,desi/spectra/type1/desi-spec-39627869487366999.fits,0,0.08812411,294
4346115140.0,sdssv_neg,0.26382991671562195,246.42362000000003,43.832239,dr16_spectra/spec-8531-57905-0707.fits,dr16_sdssv_crossmatch/spec-015308-59312-4346115140.fits,0,0.08709798,295
3.962834326755819e+16,desi_neg,0.14590904116630554,10.958162000000016,23.850215,dr16_spectra/spec-6285-56248-0238.fits,desi/spectra/type2/desi-spec-39628343267558192.fits,0,0.08701068,296
2.70215979201103e+16,sdssv_neg,0.043208230286836624,129.20884,44.269631,dr16_spectra/spec-6396-56358-0446.fits,dr16_sdssv_crossmatch/spec-103033-59986-27021597920110300.fits,0,0.08680723,297
3.963313518438125e+16,desi_neg,0.23138216137886047,133.58181000000002,43.357697,dr16_spectra/spec-6385-56356-0296.fits,desi/spectra/type1/desi-spec-39633135184381246.fits,0,0.085723475,298
3.962785096112672e+16,desi_neg,0.21990640461444855,347.80083,2.3870204,dr16_spectra/spec-11296-58425-0294.fits,desi/spectra/type1/desi-spec-39627850961126717.fits,0,0.085645944,299
6.305039894374182e+16,sdssv_neg,0.33076709508895874,122.21019000000001,15.877062,dr16_spectra/spec-4499-55572-0716.fits,dr16_sdssv_crossmatch/spec-101954-60612-63050398943741822.fits,0,0.085549444,300
3.963300110087144e+16,desi_neg,0.21508722007274628,219.57744000000002,36.039565,dr16_spectra/spec-4718-56014-0506.fits,desi/spectra/type1/desi-spec-39633001100871439.fits,0,0.08541059,301
6.305039507434652e+16,sdssv_neg,0.8065440654754639,7.903214999999989,22.504993,dr16_spectra/spec-6283-56239-0368.fits,dr16_sdssv_crossmatch/spec-104167-60636-63050395074346518.fits,0,0.085303776,302
4555724758.0,sdssv_neg,0.4981914758682251,128.1669,37.834132,dr16_spectra/spec-8858-57450-0630.fits,dr16_sdssv_crossmatch/spec-015062-59227-4555724758.fits,0,0.08517146,303
2.7021597957505036e+16,sdssv_neg,0.4444403350353241,0.489340000000027,3.0299097,dr16_spectra/spec-4277-55506-0060.fits,dr16_sdssv_crossmatch/spec-104605-59905-27021597957505035.fits,0,0.08387827,304
2.702159791982357e+16,sdssv_neg,0.2236001342535019,143.78952000000004,48.319502,dr16_spectra/spec-7298-56661-0415.fits,dr16_sdssv_crossmatch/spec-103078-59986-27021597919823569.fits,0,0.083831675,305
2.702159811193846e+16,sdssv_neg,0.5004704594612122,124.37967000000003,23.589278,dr16_spectra/spec-11118-58522-0851.fits,dr16_sdssv_crossmatch/spec-101946-59914-27021598111938459.fits,0,0.083367094,306
6.3050395066759864e+16,sdssv_neg,0.17695492506027222,18.959428000000003,1.430127,dr16_spectra/spec-9397-58107-0297.fits,dr16_sdssv_crossmatch/spec-104600-60584-63050395066759862.fits,0,0.082791075,307
4367802848.0,sdssv_neg,0.1735714077949524,321.18613000000005,-0.33801788,dr16_spectra/spec-4193-55476-0318.fits,dr16_sdssv_crossmatch/spec-015027-59370-4367802848.fits,0,0.08276284,308
3.962776091781283e+16,desi_neg,0.2521955072879791,20.921812999999986,-1.0978506,dr16_spectra/spec-8790-57363-0005.fits,desi/spectra/type1/desi-spec-39627760917812828.fits,0,0.08184834,309
4399910867.0,sdssv_neg,0.3224413990974426,25.35683899999998,0.132124,dr16_spectra/spec-8792-57364-0938.fits,dr16_sdssv_crossmatch/spec-015012-59191-4399910867.fits,0,0.08031432,310
3.962848838628746e+16,desi_neg,0.21562699973583221,347.28603999999996,30.154223,dr16_spectra/spec-6584-56568-0614.fits,desi/spectra/type1/desi-spec-39628488386287453.fits,0,0.08003735,311
3.962794182652966e+16,desi_neg,0.09015548974275589,16.963098000000002,6.4674504,dr16_spectra/spec-11072-58436-0332.fits,desi/spectra/type1/desi-spec-39627941826529664.fits,0,0.0797836,312
3.96331868204576e+16,desi_neg,0.19164438545703888,130.79417999999998,46.259426,dr16_spectra/spec-6396-56358-0814.fits,desi/spectra/type2/desi-spec-39633186820457598.fits,0,0.079768345,313
6.305039517227955e+16,sdssv_neg,0.1909468024969101,184.76683000000003,6.693107,dr16_spectra/spec-5397-55944-0446.fits,dr16_sdssv_crossmatch/spec-103263-60432-63050395172279556.fits,0,0.07969013,314
3.96283649353343e+16,desi_neg,0.37657079100608826,343.64644999999996,24.434731,dr16_spectra/spec-6588-56536-0456.fits,desi/spectra/type1/desi-spec-39628364935334307.fits,0,0.07830355,315
3.963313954645708e+16,desi_neg,0.13740582764148712,129.93163000000004,43.505013,dr16_spectra/spec-6383-56362-0346.fits,desi/spectra/type1/desi-spec-39633139546457077.fits,0,0.077951975,316
3.96278518796794e+16,desi_neg,0.12430395931005478,42.54278499999998,2.656358,dr16_spectra/spec-4259-55501-0855.fits,desi/spectra/type2/desi-spec-39627851879679401.fits,0,0.077432826,317
2.7021597935075556e+16,sdssv_neg,0.23309804499149323,319.63650000000007,0.75021999,dr16_spectra/spec-9161-57691-0332.fits,dr16_sdssv_crossmatch/spec-104598-59820-27021597935075556.fits,0,0.07725999,318
3.963316129812025e+16,desi_neg,0.20653946697711945,129.46982000000003,44.840531,dr16_spectra/spec-6383-56362-0565.fits,desi/spectra/type1/desi-spec-39633161298120249.fits,0,0.07700875,319
70573866.0,lowz,0.26375243067741394,20.10602799999998,14.457763,dr16_sdssv_crossmatch/0812_4668_56211.fits,dr16_sdssv_crossmatch/spec-104665-60338-63050395067790487.fits,1,0.07645835,320
6.3050396581831784e+16,sdssv_neg,0.5225065350532532,28.933018000000004,28.764165,dr16_spectra/spec-7736-57728-0227.fits,dr16_sdssv_crossmatch/spec-104602-60566-63050396581831782.fits,0,0.07636042,321
2.7021597957484096e+16,sdssv_neg,0.41639962792396545,0.0919044240000062,1.2951619,dr16_spectra/spec-7848-56959-0942.fits,dr16_sdssv_crossmatch/spec-104634-59844-27021597957484098.fits,0,0.076280676,322
6.305039679542661e+16,sdssv_neg,0.7468656897544861,115.97973000000002,31.963291,dr16_spectra/spec-4443-55539-0130.fits,dr16_sdssv_crossmatch/spec-100850-60589-63050396795426608.fits,0,0.075519376,323
3.962777249828867e+16,desi_neg,0.23328404128551483,351.22091,-0.85370401,dr16_spectra/spec-4211-55446-0380.fits,desi/spectra/type1/desi-spec-39627772498288669.fits,0,0.07550753,324
6.305039481929449e+16,sdssv_neg,0.22043654322624207,147.99996999999996,22.151716,dr16_spectra/spec-9616-58135-0491.fits,dr16_sdssv_crossmatch/spec-101988-60675-63050394819294488.fits,0,0.07544179,325
3.962793521630788e+16,desi_neg,0.38380467891693115,340.86211000000003,6.0409441,dr16_spectra/spec-4412-55912-0518.fits,desi/spectra/type2/desi-spec-39627935216307879.fits,0,0.07536381,326
3.962779326428283e+16,desi_neg,0.31250444054603577,148.92106,0.20705633,dr16_spectra/spec-3828-55539-0738.fits,desi/spectra/type2/desi-spec-39627793264282833.fits,0,0.07529125,327
3.962787002004883e+16,desi_neg,0.09131518751382828,44.54005000000001,3.4157681,dr16_spectra/spec-4256-55477-0058.fits,desi/spectra/type1/desi-spec-39627870020048835.fits,0,0.074960046,328
3.962851428191971e+16,desi_neg,0.20956411957740784,344.15355,31.412895,dr16_spectra/spec-6507-56478-0878.fits,desi/spectra/type1/desi-spec-39628514281919713.fits,0,0.074803725,329
6.3050395074449224e+16,sdssv_neg,0.07600569725036621,10.982262999999989,24.346029,dr16_spectra/spec-6285-56248-0763.fits,dr16_sdssv_crossmatch/spec-104609-60579-63050395074449224.fits,0,0.07457525,330
6.305039506629895e+16,sdssv_neg,0.40797117352485657,26.860634000000005,0.34007761,dr16_spectra/spec-4232-55447-0688.fits,dr16_sdssv_crossmatch/spec-104577-60254-63050395066298949.fits,0,0.074424595,331
3.962779621287706e+16,desi_neg,0.3941684365272522,324.54156,0.35845894,dr16_spectra/spec-4195-55452-0707.fits,desi/spectra/type1/desi-spec-39627796212877052.fits,0,0.07419749,332
3.9628441057756136e+16,desi_neg,0.1488369256258011,359.20902,28.0696,dr16_spectra/spec-6511-56540-0780.fits,desi/spectra/type2/desi-spec-39628441057756134.fits,0,0.07397074,333
3.963333282837674e+16,desi_neg,0.09586558490991592,244.53850999999997,55.869237,dr16_spectra/spec-6793-56430-0993.fits,desi/spectra/type2/desi-spec-39633332828376738.fits,0,0.073565,334
6.3050395066751016e+16,sdssv_neg,0.24153538048267365,18.267469000000006,0.32193773,dr16_spectra/spec-8789-57358-0847.fits,dr16_sdssv_crossmatch/spec-104600-60584-63050395066751013.fits,0,0.07347996,335
4603755470.0,sdssv_neg,0.1951640546321869,217.38896,31.700198,dr16_spectra/spec-3864-55649-0161.fits,dr16_sdssv_crossmatch/spec-015324-59343-4603755470.fits,0,0.07266488,336
3.9633029877989736e+16,desi_neg,0.32676035165786743,195.74077999999997,37.564329,dr16_spectra/spec-8870-57779-0654.fits,desi/spectra/type1/desi-spec-39633029877989739.fits,0,0.072355404,337
2.702159815155988e+16,sdssv_neg,0.7926685810089111,157.47028999999998,11.059489,dr16_spectra/spec-5341-55931-0918.fits,dr16_sdssv_crossmatch/spec-101249-59697-27021598151559880.fits,0,0.07209803,338
6.305039482418925e+16,sdssv_neg,0.07380204647779465,168.89198999999996,55.623788,dr16_spectra/spec-8177-57374-0205.fits,dr16_sdssv_crossmatch/spec-104548-60706-63050394824189250.fits,0,0.0709408,339
3.9627803229949224e+16,desi_neg,0.11811051517724991,22.837428999999986,0.69419498,dr16_spectra/spec-4229-55501-0918.fits,desi/spectra/type2/desi-spec-39627803229949222.fits,0,0.07062176,340
3.9633328864759064e+16,desi_neg,0.19504451751708984,187.82322,55.594951,dr16_spectra/spec-6833-56413-0805.fits,desi/spectra/type1/desi-spec-39633328864759065.fits,0,0.07044741,341
3.962777026691667e+16,desi_neg,0.16283033788204193,218.23724000000004,-0.75282131,dr16_spectra/spec-4025-55350-0362.fits,desi/spectra/type1/desi-spec-39627770266916675.fits,0,0.07032211,342
2.70215981489396e+16,sdssv_neg,0.3426815867424011,211.79188999999997,-2.564267,dr16_spectra/spec-4038-55363-0150.fits,dr16_sdssv_crossmatch/spec-025350-60024-27021598148939601.fits,0,0.070293784,343
3.96277602970574e+16,desi_neg,0.16067351400852203,343.93938,-1.3642652,dr16_spectra/spec-4364-55855-0944.fits,desi/spectra/type2/desi-spec-39627760297057399.fits,0,0.07018377,344
3.962789876361043e+16,desi_neg,0.1613592654466629,320.4827399999999,4.5573821,dr16_spectra/spec-4081-55365-0339.fits,desi/spectra/type1/desi-spec-39627898763610433.fits,0,0.06998779,345
3.962844826356978e+16,desi_neg,0.25269290804862976,126.35692,28.556128,dr16_spectra/spec-4455-55539-0686.fits,desi/spectra/type2/desi-spec-39628448263569777.fits,0,0.06988177,346
6.305039730809344e+16,sdssv_neg,0.14212268590927124,15.104434000000026,-1.9967425,dr16_spectra/spec-4372-55541-0726.fits,dr16_sdssv_crossmatch/spec-104666-60562-63050397308093443.fits,0,0.06987699,347
3.962820695687667e+16,desi_neg,0.27437224984169006,340.56284000000005,17.441938,dr16_spectra/spec-5032-56208-0972.fits,desi/spectra/type1/desi-spec-39628206956876675.fits,0,0.06982645,348
6.305039485042029e+16,sdssv_neg,0.4470214247703552,187.50428,33.983698,dr16_spectra/spec-10247-58162-0218.fits,dr16_sdssv_crossmatch/spec-100419-60690-63050394850420285.fits,0,0.067214966,349
3.96279234135378e+16,desi_neg,0.36263909935951233,354.45733999999993,5.4365857,dr16_spectra/spec-4407-55884-0118.fits,desi/spectra/type2/desi-spec-39627923413537802.fits,0,0.06715578,350
6.305039482699787e+16,sdssv_neg,0.048306215554475784,112.77858000000003,39.445707,dr16_spectra/spec-3657-55244-0896.fits,dr16_sdssv_crossmatch/spec-102757-60614-63050394826997868.fits,0,0.06692183,351
3.963330081744708e+16,desi_neg,0.38471081852912903,200.35643000000005,53.489206,dr16_spectra/spec-8207-57431-0784.fits,desi/spectra/type1/desi-spec-39633300817447083.fits,0,0.066900454,352
3.962818443346282e+16,desi_neg,0.30029061436653137,17.69452100000001,16.813783,dr16_spectra/spec-5132-55858-0198.fits,desi/spectra/type2/desi-spec-39628184433462815.fits,0,0.06627159,353
4401512686.0,sdssv_neg,0.6988357305526733,29.86029400000001,0.197546,dr16_spectra/spec-3609-55201-0536.fits,dr16_sdssv_crossmatch/spec-015013-59165-4401512686.fits,0,0.06581942,354
3.963293655053172e+16,desi_neg,0.25728264451026917,246.16647,32.655253,dr16_spectra/spec-10913-58256-0231.fits,desi/spectra/type1/desi-spec-39632936550531719.fits,0,0.06555157,355
2.702159815175981e+16,sdssv_neg,0.2914544343948364,171.25243,1.0455646,dr16_spectra/spec-3839-55575-0754.fits,dr16_sdssv_crossmatch/spec-101212-59676-27021598151759810.fits,0,0.06534243,356
2.7021598131863556e+16,sdssv_neg,0.7775850892066956,174.96137,-2.7817204,dr16_spectra/spec-3775-55207-0208.fits,dr16_sdssv_crossmatch/spec-102883-59645-27021598131863557.fits,0,0.06502166,357
6.305039683219959e+16,sdssv_neg,0.05205442011356354,149.75360999999998,25.202276,dr16_spectra/spec-6467-56270-0304.fits,dr16_sdssv_crossmatch/spec-101952-60679-63050396832199593.fits,0,0.064219266,358
3.963325187830911e+16,desi_neg,0.394183486700058,173.30488000000003,50.144478,dr16_spectra/spec-6685-56412-0901.fits,desi/spectra/type1/desi-spec-39633251878309115.fits,0,0.063970245,359
6.3050394839426904e+16,sdssv_neg,0.3144277036190033,214.81084999999996,10.487468,dr16_spectra/spec-5456-55980-0040.fits,dr16_sdssv_crossmatch/spec-102397-60383-63050394839426905.fits,0,0.06329726,360
4375890308.0,sdssv_neg,0.538865864276886,31.688782000000003,-1.4439022,dr16_spectra/spec-7838-56958-0758.fits,dr16_sdssv_crossmatch/spec-015045-59169-4375890308.fits,0,0.06311971,361
4360832899.0,sdssv_neg,0.4742785394191742,136.48384,50.854921,dr16_spectra/spec-7295-57067-0249.fits,dr16_sdssv_crossmatch/spec-015174-59232-4360832899.fits,0,0.06274196,362
3.962813804445747e+16,desi_neg,0.3843427002429962,29.725082999999984,14.753169,dr16_spectra/spec-5119-55836-0326.fits,desi/spectra/type2/desi-spec-39628138044457471.fits,0,0.06267339,363
3.963333558403266e+16,desi_neg,0.231037437915802,176.22861,56.043944,dr16_spectra/spec-8230-57430-0762.fits,desi/spectra/type1/desi-spec-39633335584032656.fits,0,0.062340904,364
4598613277.0,sdssv_neg,0.16898538172245026,190.66372,13.264386,dr16_spectra/spec-5409-55957-0784.fits,dr16_sdssv_crossmatch/spec-015355-59359-4598613277.fits,0,0.061850004,365
3.963328935441458e+16,desi_neg,0.21773935854434967,146.97613,52.662592,dr16_spectra/spec-7287-57042-0852.fits,desi/spectra/type1/desi-spec-39633289354414578.fits,0,0.061069712,366
3.962786109876119e+16,desi_neg,0.23889940977096558,232.12581,2.9589107,dr16_spectra/spec-4009-55648-0742.fits,desi/spectra/type2/desi-spec-39627861098761195.fits,0,0.061034307,367
2.702159793358239e+16,sdssv_neg,0.6635749936103821,14.240865999999983,-0.21001144,dr16_spectra/spec-8788-57360-0496.fits,dr16_sdssv_crossmatch/spec-104650-59911-27021597933582391.fits,0,0.060529906,368
4346341634.0,sdssv_neg,0.47749096155166626,247.13312999999994,55.560067,dr16_spectra/spec-8064-58255-0272.fits,dr16_sdssv_crossmatch/spec-015404-59381-4346341634.fits,0,0.06052606,369
6.3050394821686376e+16,sdssv_neg,0.19521039724349976,132.37331,31.334323,dr16_spectra/spec-10665-58456-0886.fits,dr16_sdssv_crossmatch/spec-101950-60681-63050394821686378.fits,0,0.060522694,370
6.305039506591379e+16,sdssv_neg,0.29166707396507263,34.87715000000003,-5.9453024,dr16_spectra/spec-7236-56605-0364.fits,dr16_sdssv_crossmatch/spec-104662-60702-63050395065913792.fits,0,0.060507767,371
6.305039506750376e+16,sdssv_neg,0.4155815839767456,26.166516,12.644664,dr16_spectra/spec-4658-55592-0290.fits,dr16_sdssv_crossmatch/spec-102260-60645-63050395067503756.fits,0,0.06030605,372
3.962840901327846e+16,desi_neg,0.14264428615570068,12.297665999999992,26.670546,dr16_spectra/spec-6278-56266-0510.fits,desi/spectra/type2/desi-spec-39628409013278464.fits,0,0.06026695,373
6043367776.0,sdssv_neg,0.16539020836353302,201.44187999999997,48.293633,dr16_spectra/spec-6743-56385-0308.fits,dr16_sdssv_crossmatch/spec-015296-59317-6043367776.fits,0,0.060063563,374
4401880083.0,sdssv_neg,0.41262087225914,40.510921999999994,0.3201302,dr16_spectra/spec-6782-56572-0628.fits,dr16_sdssv_crossmatch/spec-015015-59169-4401880083.fits,0,0.060059946,375
6.305039517203736e+16,sdssv_neg,0.1414002925157547,157.07037000000003,15.595685,dr16_spectra/spec-5342-56003-0309.fits,dr16_sdssv_crossmatch/spec-101237-60676-63050395172037358.fits,0,0.05823419,376
6.305039506580701e+16,sdssv_neg,0.13236930966377258,25.038928,-3.1884527,dr16_spectra/spec-7894-57339-0950.fits,dr16_sdssv_crossmatch/spec-104658-60234-63050395065807009.fits,0,0.058128368,377
2.7021597919327824e+16,sdssv_neg,0.16215136647224426,169.81592999999998,47.848666,dr16_spectra/spec-7394-57131-0986.fits,dr16_sdssv_crossmatch/spec-100408-60056-27021597919327826.fits,0,0.058052495,378
6.305039482126043e+16,sdssv_neg,0.5298406481742859,132.78310999999997,23.538779,dr16_spectra/spec-11115-58514-0012.fits,dr16_sdssv_crossmatch/spec-101970-60678-63050394821260436.fits,0,0.058045305,379
3.962812628362892e+16,desi_neg,0.3725448548793793,27.058460000000025,14.14812,dr16_spectra/spec-11052-58438-0119.fits,desi/spectra/type1/desi-spec-39628126283628923.fits,0,0.05781083,380
3.963315704509257e+16,desi_neg,0.1789395809173584,134.23040000000003,44.448163,dr16_spectra/spec-6398-56356-0206.fits,desi/spectra/type1/desi-spec-39633157045092568.fits,0,0.057516843,381
3.962777321131925e+16,desi_neg,0.34836557507514954,33.69583899999998,-0.54740028,dr16_spectra/spec-4236-55479-0268.fits,desi/spectra/type1/desi-spec-39627773211319244.fits,0,0.057028595,382
3.9627903201182664e+16,desi_neg,0.12362509220838547,225.66890999999998,4.7549942,dr16_spectra/spec-4777-55707-0923.fits,desi/spectra/type2/desi-spec-39627903201182662.fits,0,0.05685542,383
3.963297627059058e+16,desi_neg,0.10415668040513992,208.26648,34.846653,dr16_spectra/spec-8878-57785-0361.fits,desi/spectra/type1/desi-spec-39632976270590579.fits,0,0.056811973,384
2.7021597929689224e+16,sdssv_neg,0.6082732677459717,349.64071,-0.71024811,dr16_spectra/spec-9154-58013-0064.fits,dr16_sdssv_crossmatch/spec-104579-59879-27021597929689225.fits,0,0.05658931,385
3.962782034690737e+16,desi_neg,0.15869973599910736,323.17637,1.1922301,dr16_spectra/spec-4194-55450-0766.fits,desi/spectra/type2/desi-spec-39627820346907371.fits,0,0.056167096,386
3.963301143982941e+16,desi_neg,0.1710800975561142,262.26283,36.479223,dr16_spectra/spec-10723-58287-0918.fits,desi/spectra/type1/desi-spec-39633011439829405.fits,0,0.055538543,387
2.702159795762682e+16,sdssv_neg,0.23458519577980042,4.544129199999986,5.7210481,dr16_spectra/spec-8746-58396-0486.fits,dr16_sdssv_crossmatch/spec-104593-59911-27021597957626819.fits,0,0.0542793,388
6.3050394822400264e+16,sdssv_neg,0.14755724370479584,152.29215,29.903955,dr16_spectra/spec-6469-56328-0774.fits,dr16_sdssv_crossmatch/spec-103070-60707-63050394822400263.fits,0,0.054174267,389
2.7021597909209844e+16,sdssv_neg,0.16822636127471924,230.28913999999997,49.076186,dr16_spectra/spec-6728-56426-0594.fits,dr16_sdssv_crossmatch/spec-101313-60070-27021597909209843.fits,0,0.054073855,390
3.962814303987353e+16,desi_neg,0.22457115352153778,337.29708000000005,14.811877,dr16_spectra/spec-5043-56187-0668.fits,desi/spectra/type1/desi-spec-39628143039873528.fits,0,0.05400261,391
4554521043.0,sdssv_neg,0.42649587988853455,123.96177,25.294084,dr16_spectra/spec-11125-58433-0396.fits,dr16_sdssv_crossmatch/spec-015053-59230-4554521043.fits,0,0.053692937,392
3.96283043360283e+16,desi_neg,0.38089805841445923,18.323643000000004,22.110458,dr16_spectra/spec-7631-57279-0531.fits,desi/spectra/type1/desi-spec-39628304336028308.fits,0,0.053580485,393
3.963320448267298e+16,desi_neg,0.24459856748580933,222.11132999999995,47.341757,dr16_spectra/spec-6732-56370-0258.fits,desi/spectra/type2/desi-spec-39633204482672977.fits,0,0.053020805,394
3.962852126962879e+16,desi_neg,0.19423720240592957,112.84541000000002,31.981181,dr16_spectra/spec-4444-55538-0308.fits,desi/spectra/type1/desi-spec-39628521269628789.fits,0,0.05292393,395
6.305039481920545e+16,sdssv_neg,0.2738455533981323,136.93262,19.55023,dr16_spectra/spec-9556-57805-0949.fits,dr16_sdssv_crossmatch/spec-102012-60645-63050394819205445.fits,0,0.052474737,396
6307833225.0,sdssv_neg,0.07368699461221695,9.267108399999984,-1.152315,dr16_spectra/spec-3588-55184-0458.fits,dr16_sdssv_crossmatch/spec-015007-59187-6307833225.fits,0,0.05238587,397
4346352485.0,sdssv_neg,0.21969619393348694,246.74565000000007,54.489859,dr16_spectra/spec-8061-58253-0541.fits,dr16_sdssv_crossmatch/spec-015404-59381-4346352485.fits,0,0.0521062,398
6.3050394821668264e+16,sdssv_neg,0.6833047270774841,130.79736000000003,29.91705,dr16_spectra/spec-10665-58456-0416.fits,dr16_sdssv_crossmatch/spec-101950-60681-63050394821668264.fits,0,0.051918436,399
6.305039481883018e+16,sdssv_neg,0.35741642117500305,141.13623,14.674809,dr16_spectra/spec-9581-57783-0160.fits,dr16_sdssv_crossmatch/spec-102037-60374-63050394818830172.fits,0,0.05190105,400
3.963298655921876e+16,desi_neg,0.23156225681304932,235.69985999999994,35.170011,dr16_spectra/spec-4974-56038-0091.fits,desi/spectra/type1/desi-spec-39632986559218758.fits,0,0.05129194,401
6.305039506591956e+16,sdssv_neg,0.09832753241062164,33.932938999999976,-5.1212006,dr16_spectra/spec-7237-56662-0192.fits,dr16_sdssv_crossmatch/spec-104662-60235-63050395065919562.fits,0,0.05128689,402
2.702159790900335e+16,sdssv_neg,0.4367108643054962,235.66829000000007,45.64979,dr16_spectra/spec-8507-57878-0370.fits,dr16_sdssv_crossmatch/spec-101335-60106-27021597909003350.fits,0,0.051024772,403
4346366685.0,sdssv_neg,0.642900288105011,245.73026000000004,51.013702,dr16_spectra/spec-8059-57895-0826.fits,dr16_sdssv_crossmatch/spec-015403-59383-4346366685.fits,0,0.05085055,404
6.305039507456531e+16,sdssv_neg,0.11812125146389008,8.682020000000023,25.172492,dr16_spectra/spec-6281-56295-0012.fits,dr16_sdssv_crossmatch/spec-104664-60286-63050395074565311.fits,0,0.050765313,405
4555365343.0,sdssv_neg,0.3404816687107086,124.74707999999998,34.543908,dr16_spectra/spec-9358-57749-0260.fits,dr16_sdssv_crossmatch/spec-015057-59197-4555365343.fits,0,0.05072406,406
3.962772788346966e+16,desi_neg,0.3426815867424011,211.79188999999997,-2.564267,dr16_spectra/spec-4038-55363-0150.fits,desi/spectra/type1/desi-spec-39627727883469662.fits,0,0.05071202,407
6.305039516659537e+16,sdssv_neg,0.03257482871413231,208.33821999999998,2.0529284,dr16_spectra/spec-4036-55330-0438.fits,dr16_sdssv_crossmatch/spec-102363-60464-63050395166595366.fits,0,0.050535265,408
6.305039517162891e+16,sdssv_neg,0.7760223746299744,167.31101999999998,10.675227,dr16_spectra/spec-5361-55973-0938.fits,dr16_sdssv_crossmatch/spec-101474-60707-63050395171628909.fits,0,0.049345527,409
3.963293081692087e+16,desi_neg,0.2379966825246811,201.54524000000004,32.584066,dr16_spectra/spec-6492-56362-0578.fits,desi/spectra/type1/desi-spec-39632930816920869.fits,0,0.04857146,410
3.963332596230117e+16,desi_neg,0.18557964265346527,244.56675999999993,55.362887,dr16_spectra/spec-7563-56810-0800.fits,desi/spectra/type1/desi-spec-39633325962301170.fits,0,0.047723062,411
2.7021600164696964e+16,sdssv_neg,0.10305783152580261,121.04861,5.7458114,dr16_spectra/spec-4843-55860-0088.fits,dr16_sdssv_crossmatch/spec-104366-59905-27021600164696965.fits,0,0.047707908,412
4367551311.0,sdssv_neg,0.7235906720161438,318.34023,-1.3620868,dr16_spectra/spec-9139-58038-0264.fits,dr16_sdssv_crossmatch/spec-015063-59372-4367551311.fits,0,0.047361214,413
4555340686.0,sdssv_neg,0.3998408615589142,122.78156000000001,34.494693,dr16_spectra/spec-9355-57814-0084.fits,dr16_sdssv_crossmatch/spec-015025-59169-4555340686.fits,0,0.046988133,414
6.305039482759918e+16,sdssv_neg,0.19863663613796234,120.22503,39.288664,dr16_spectra/spec-9360-58055-0579.fits,dr16_sdssv_crossmatch/spec-100829-60658-63050394827599186.fits,0,0.046760652,415
4597546012.0,sdssv_neg,0.5375208258628845,159.29625,36.985781,dr16_spectra/spec-8853-57459-0114.fits,dr16_sdssv_crossmatch/spec-015291-59350-4597546012.fits,0,0.046586122,416
3.962797765008026e+16,desi_neg,0.35270869731903076,6.694590699999992,7.9148078,dr16_spectra/spec-4539-55865-0648.fits,desi/spectra/type2/desi-spec-39627977650080257.fits,0,0.046448905,417
3.962789904882258e+16,desi_neg,0.12401588261127472,337.52225,4.5774724,dr16_spectra/spec-4320-55894-0922.fits,desi/spectra/type1/desi-spec-39627899048822578.fits,0,0.046265442,418
6.305039506750044e+16,sdssv_neg,0.5349640846252441,26.261099,12.178806,dr16_spectra/spec-11053-58437-0580.fits,dr16_sdssv_crossmatch/spec-104601-60565-63050395067500443.fits,0,0.04599558,419
2.702159814998473e+16,sdssv_neg,0.3079372048377991,138.58137,10.111279,dr16_spectra/spec-5302-55896-0136.fits,dr16_sdssv_crossmatch/spec-102041-59912-27021598149984727.fits,0,0.04590763,420
3.962835938626889e+16,desi_neg,0.21808654069900513,340.63265,24.158411,dr16_spectra/spec-7653-57306-0032.fits,desi/spectra/type1/desi-spec-39628359386268890.fits,0,0.045840394,421
6.305039482163603e+16,sdssv_neg,0.7143382430076599,131.97022000000004,28.012576,dr16_spectra/spec-9610-58137-0659.fits,dr16_sdssv_crossmatch/spec-101960-60702-63050394821636033.fits,0,0.04581111,422
2.7021597933259184e+16,sdssv_neg,0.0780099630355835,11.197579000000019,-1.3627137,dr16_spectra/spec-4370-55534-0626.fits,dr16_sdssv_crossmatch/spec-104644-59901-27021597933259183.fits,0,0.044950247,423
2.7021597957608656e+16,sdssv_neg,0.6784589290618896,4.015788699999973,4.6445131,dr16_spectra/spec-4416-55828-0093.fits,dr16_sdssv_crossmatch/spec-104593-59911-27021597957608657.fits,0,0.044498306,424
6.305039517428968e+16,sdssv_neg,0.6159202456474304,183.78843000000006,33.165323,dr16_spectra/spec-10276-58225-0930.fits,dr16_sdssv_crossmatch/spec-100420-60695-63050395174289676.fits,0,0.04360605,425
3.962817866629553e+16,desi_neg,0.3797775208950043,19.517157999999995,16.452503,dr16_spectra/spec-11067-58507-0660.fits,desi/spectra/type1/desi-spec-39628178666295531.fits,0,0.04281981,426
3.963319206753249e+16,desi_neg,0.29248031973838806,222.52139,46.589262,dr16_spectra/spec-8489-57483-0652.fits,desi/spectra/type1/desi-spec-39633192067532489.fits,0,0.04275388,427
2.305843020269881e+18,desi_neg,0.2590563893318176,213.69164999999998,37.033928,dr16_spectra/spec-10756-58226-0500.fits,desi/spectra/type1/desi-spec-2305843020269880608.fits,0,0.042455185,428
2.30584301478373e+18,desi_neg,0.2401478886604309,156.77753000000007,31.482433,dr16_spectra/spec-10460-58161-0235.fits,desi/spectra/type1/desi-spec-2305843014783730262.fits,0,0.042388845,429
4375864711.0,sdssv_neg,0.7678658962249756,29.28242499999999,-1.21164,dr16_spectra/spec-7841-56960-0672.fits,dr16_sdssv_crossmatch/spec-015045-59169-4375864711.fits,0,0.041875098,430
2.702159793514419e+16,sdssv_neg,0.42282721400260925,322.09671000000003,0.052591041,dr16_spectra/spec-4194-55450-0546.fits,dr16_sdssv_crossmatch/spec-104646-60109-27021597935144191.fits,0,0.04166885,431
3.963314079216453e+16,desi_neg,0.15572768449783325,231.88365,43.567054,dr16_spectra/spec-8515-58192-0132.fits,desi/spectra/type1/desi-spec-39633140792164529.fits,0,0.041193455,432
4376149017.0,sdssv_neg,0.8052599430084229,38.073631999999975,-0.174383,dr16_spectra/spec-6781-56274-0477.fits,dr16_sdssv_crossmatch/spec-015014-59165-4376149017.fits,0,0.04107631,433
6.305039485212781e+16,sdssv_neg,0.08179330825805664,212.12622,53.096388,dr16_spectra/spec-6739-56393-0199.fits,dr16_sdssv_crossmatch/spec-112359-60702-63050394852127810.fits,0,0.040999483,434
6.3050396582128504e+16,sdssv_neg,0.7060233354568481,15.930184999999994,25.951091,dr16_spectra/spec-7676-57329-0018.fits,dr16_sdssv_crossmatch/spec-104178-60580-63050396582128507.fits,0,0.04084966,435
3.963298168963108e+16,desi_neg,0.37849071621894836,241.24230999999997,35.112911,dr16_spectra/spec-10738-58251-0396.fits,desi/spectra/type1/desi-spec-39632981689631079.fits,0,0.040579975,436
4351103598.0,sdssv_neg,0.760551393032074,210.42493000000002,52.945851,dr16_spectra/spec-8428-57837-0406.fits,dr16_sdssv_crossmatch/spec-015302-59315-4351103598.fits,0,0.040574785,437
2.7021597939722028e+16,sdssv_neg,0.7854589819908142,336.57984,0.81741106,dr16_spectra/spec-4202-55445-0756.fits,dr16_sdssv_crossmatch/spec-104610-59846-27021597939722029.fits,0,0.04017475,438
3.96333681276385e+16,desi_neg,0.38399484753608704,144.23814,58.464787,dr16_spectra/spec-5716-56684-0252.fits,desi/spectra/type1/desi-spec-39633368127638500.fits,0,0.0401692,439
4555268350.0,sdssv_neg,0.7101578116416931,119.5892,35.95386,dr16_spectra/spec-3801-55509-0394.fits,dr16_sdssv_crossmatch/spec-015022-59165-4555268350.fits,0,0.039386664,440
6.305039482652877e+16,sdssv_neg,0.19423720240592957,112.84541000000002,31.981181,dr16_spectra/spec-4444-55538-0308.fits,dr16_sdssv_crossmatch/spec-100849-60669-63050394826528771.fits,0,0.03875216,441
4555034218.0,sdssv_neg,0.62837815284729,127.39116999999999,28.196742,dr16_spectra/spec-9612-57801-0763.fits,dr16_sdssv_crossmatch/spec-015058-59195-4555034218.fits,0,0.038673423,442
3.962777806412386e+16,desi_neg,0.1445966362953186,322.79393000000005,-0.59362,dr16_spectra/spec-9224-57933-0692.fits,desi/spectra/type1/desi-spec-39627778064123857.fits,0,0.037635446,443
5192134452.0,sdssv_neg,0.4422864317893982,257.27774999999997,39.142099,dr16_spectra/spec-10763-58395-0475.fits,dr16_sdssv_crossmatch/spec-015409-59370-5192134452.fits,0,0.037417203,444
3.962843357931425e+16,desi_neg,0.1907273381948471,215.69798000000003,27.804773,dr16_spectra/spec-6012-56101-0155.fits,desi/spectra/type1/desi-spec-39628433579314249.fits,0,0.037282348,445
4346406024.0,sdssv_neg,0.06386688351631165,242.78975000000003,53.968735,dr16_spectra/spec-7564-56804-0239.fits,dr16_sdssv_crossmatch/spec-015330-59324-4346406024.fits,0,0.03714787,446
3.96285123944778e+16,desi_neg,0.369981586933136,212.20191,31.624094,dr16_spectra/spec-3862-55276-0110.fits,desi/spectra/type2/desi-spec-39628512394477802.fits,0,0.037078116,447
6.305039481906679e+16,sdssv_neg,0.33523592352867126,140.80737999999997,15.039437,dr16_spectra/spec-9581-57783-0763.fits,dr16_sdssv_crossmatch/spec-102037-60374-63050394819066795.fits,0,0.03690952,448
3.9627851644803224e+16,desi_neg,0.23264937102794647,28.694502,2.7055122,dr16_spectra/spec-7836-57278-0551.fits,desi/spectra/type1/desi-spec-39627851644803223.fits,0,0.036628354,449
4546312512.0,sdssv_neg,0.7803043127059937,121.3277,21.163894,dr16_spectra/spec-11119-58485-0219.fits,dr16_sdssv_crossmatch/spec-015052-59229-4546312512.fits,0,0.036320113,450
2.7021597928995136e+16,sdssv_neg,0.05792192742228508,336.14706,-0.18441524,dr16_spectra/spec-4201-55443-0033.fits,dr16_sdssv_crossmatch/spec-104610-59846-27021597928995136.fits,0,0.035998642,451
2.702159790474946e+16,sdssv_neg,0.6803247928619385,248.65485,55.846769,dr16_spectra/spec-8064-58255-0115.fits,dr16_sdssv_crossmatch/spec-101120-60088-27021597904749460.fits,0,0.035895064,452
3.963332843693948e+16,desi_neg,0.26597872376441956,143.00032999999996,55.563176,dr16_spectra/spec-8192-57348-0310.fits,desi/spectra/type1/desi-spec-39633328436939479.fits,0,0.035509154,453
3.962779614576716e+16,desi_neg,0.22931404411792755,320.51592000000005,0.18868198,dr16_spectra/spec-9140-58039-0852.fits,desi/spectra/type1/desi-spec-39627796145767163.fits,0,0.035369545,454
6.305039506719507e+16,sdssv_neg,0.7471329569816589,22.786609999999996,1.411249,dr16_spectra/spec-7860-57006-0164.fits,dr16_sdssv_crossmatch/spec-104651-60285-63050395067195070.fits,0,0.035327125,455
6.305039485212817e+16,sdssv_neg,0.35957080125808716,212.67188999999996,53.313609,dr16_spectra/spec-7339-56799-0611.fits,dr16_sdssv_crossmatch/spec-112359-60702-63050394852128167.fits,0,0.035158753,456
3.962779726565246e+16,desi_neg,0.252437561750412,27.465250000000026,0.42680591,dr16_spectra/spec-4232-55447-0808.fits,desi/spectra/type1/desi-spec-39627797265652465.fits,0,0.035002213,457
3.962788673854288e+16,desi_neg,0.2209560126066208,322.3487,4.0414116,dr16_spectra/spec-11318-58419-0922.fits,desi/spectra/type1/desi-spec-39627886738542876.fits,0,0.03494441,458
4603647366.0,sdssv_neg,0.7206947207450867,215.07074,34.665911,dr16_spectra/spec-3863-55280-0832.fits,dr16_sdssv_crossmatch/spec-015322-59340-4603647366.fits,0,0.03476751,459
4346153843.0,sdssv_neg,0.20900893211364746,244.64978999999994,43.784021,dr16_spectra/spec-8525-57900-0152.fits,dr16_sdssv_crossmatch/spec-015308-59312-4346153843.fits,0,0.03467635,460
6.305039506720961e+16,sdssv_neg,0.7903570532798767,23.541938000000016,2.9609044,dr16_spectra/spec-4274-55508-0448.fits,dr16_sdssv_crossmatch/spec-104620-60236-63050395067209605.fits,0,0.034612145,461
6.305039482358605e+16,sdssv_neg,0.4348321557044983,139.32027,39.359699,dr16_spectra/spec-8831-57448-0240.fits,dr16_sdssv_crossmatch/spec-103044-60707-63050394823586048.fits,0,0.03396045,462
4346023588.0,sdssv_neg,0.8048577904701233,249.43435999999997,49.285804,dr16_spectra/spec-8056-57186-0855.fits,dr16_sdssv_crossmatch/spec-015405-59376-4346023588.fits,0,0.033509295,463
2.7021597918984304e+16,sdssv_neg,0.6020976901054382,141.76328999999998,52.387917,dr16_spectra/spec-7290-57073-0896.fits,dr16_sdssv_crossmatch/spec-102901-59977-27021597918984305.fits,0,0.032970116,464
3.962842251893627e+16,desi_neg,0.28747984766960144,193.72112000000004,27.335517,dr16_spectra/spec-6480-56340-0170.fits,desi/spectra/type1/desi-spec-39628422518936276.fits,0,0.032351468,465
3.963322002256791e+16,desi_neg,0.23297268152236938,155.41011000000003,48.252678,dr16_spectra/spec-6658-56606-0302.fits,desi/spectra/type1/desi-spec-39633220022567909.fits,0,0.032150462,466
2.7021598149879532e+16,sdssv_neg,0.08308624476194382,141.34740999999997,4.5090429,dr16_spectra/spec-4796-55924-0430.fits,dr16_sdssv_crossmatch/spec-101302-59913-27021598149879533.fits,0,0.03211193,467
3.96279720506852e+16,desi_neg,0.3862913250923157,30.16185999999999,7.75878,dr16_spectra/spec-11080-58401-0888.fits,desi/spectra/type1/desi-spec-39627972050685203.fits,0,0.03203317,468
6.3050394847760904e+16,sdssv_neg,0.12872566282749176,251.32167000000004,48.927847,dr16_spectra/spec-6318-56186-0875.fits,dr16_sdssv_crossmatch/spec-101320-60433-63050394847760906.fits,0,0.031993527,469
4371154219.0,sdssv_neg,0.4282016456127167,356.0442499999999,-0.523775,dr16_spectra/spec-9209-57686-0684.fits,dr16_sdssv_crossmatch/spec-015034-59165-4371154219.fits,0,0.03174507,470
3.962781500336038e+16,desi_neg,0.16176792979240417,4.591783799999973,1.3172179,dr16_spectra/spec-7854-56989-0500.fits,desi/spectra/type1/desi-spec-39627815003360381.fits,0,0.031711742,471
3.9633267263016504e+16,desi_neg,0.25969135761260986,177.16664000000003,51.160324,dr16_spectra/spec-6683-56416-0436.fits,desi/spectra/type1/desi-spec-39633267263016503.fits,0,0.03148943,472
2.70215979405655e+16,sdssv_neg,0.6893386840820312,351.9176299999999,1.261297,dr16_spectra/spec-9202-57713-0769.fits,dr16_sdssv_crossmatch/spec-104566-59881-27021597940565501.fits,0,0.031236505,473
4399135881.0,sdssv_neg,0.5870262980461121,3.1488443000000075,2.0573321,dr16_spectra/spec-7853-56988-0280.fits,dr16_sdssv_crossmatch/spec-015039-59202-4399135881.fits,0,0.031211037,474
3.963320477208059e+16,desi_neg,0.2623527944087982,247.45724999999993,47.370637,dr16_spectra/spec-8541-58257-0513.fits,desi/spectra/type1/desi-spec-39633204772080590.fits,0,0.031205557,475
3.963327522380394e+16,desi_neg,0.3755895495414734,216.88425000000007,51.747491,dr16_spectra/spec-7032-56471-0244.fits,desi/spectra/type1/desi-spec-39633275223803938.fits,0,0.031120371,476
4401878694.0,sdssv_neg,0.5373713374137878,39.820231999999976,0.86495161,dr16_spectra/spec-3650-55244-0714.fits,dr16_sdssv_crossmatch/spec-015014-59165-4401878694.fits,0,0.030962389,477
4592919574.0,sdssv_neg,0.5317740440368652,144.10471,0.67035535,dr16_spectra/spec-3825-55533-0966.fits,dr16_sdssv_crossmatch/spec-015268-59310-4592919574.fits,0,0.030721113,478
2.305843015630981e+18,desi_neg,0.19970564544200897,164.10345000000007,60.26585,dr16_spectra/spec-7103-56661-0476.fits,desi/spectra/type1/desi-spec-2305843015630981040.fits,0,0.0305529,479
6.3050395072988136e+16,sdssv_neg,0.30745652318000793,0.15435865000000604,3.4624969,dr16_spectra/spec-8741-57390-0002.fits,dr16_sdssv_crossmatch/spec-104626-60264-63050395072988139.fits,0,0.030453326,480
3.963316973286495e+16,desi_neg,0.19217707216739655,117.27711999999997,45.17608,dr16_spectra/spec-8276-57067-0795.fits,desi/spectra/type1/desi-spec-39633169732864954.fits,0,0.030115513,481
4546333854.0,sdssv_neg,0.5144713521003723,121.27186,22.332484,dr16_spectra/spec-4481-55630-0587.fits,dr16_sdssv_crossmatch/spec-015051-59204-4546333854.fits,0,0.029969022,482
6.305039507439944e+16,sdssv_neg,0.1907675564289093,11.318264999999997,21.222525,dr16_spectra/spec-7617-56949-0338.fits,dr16_sdssv_crossmatch/spec-104591-60236-63050395074399441.fits,0,0.02996307,483
2.7021597933084304e+16,sdssv_neg,0.5546762347221375,2.512348999999972,-1.018682,dr16_spectra/spec-9402-58039-0773.fits,dr16_sdssv_crossmatch/spec-104597-59901-27021597933084302.fits,0,0.029445086,484
4351456530.0,sdssv_neg,0.16054576635360718,194.78483000000006,56.258528,dr16_spectra/spec-8215-58197-0654.fits,dr16_sdssv_crossmatch/spec-015348-59302-4351456530.fits,0,0.029301988,485
6.305039482015092e+16,sdssv_neg,0.6516360640525818,126.83320000000003,21.303562,dr16_spectra/spec-9595-58084-0308.fits,dr16_sdssv_crossmatch/spec-101957-60677-63050394820150917.fits,0,0.029152408,486
6.3050395069554936e+16,sdssv_neg,0.6018947958946228,351.8944200000001,3.3924816,dr16_spectra/spec-11289-58398-0975.fits,dr16_sdssv_crossmatch/spec-103814-60674-63050395069554933.fits,0,0.028919475,487
2.7021597940619444e+16,sdssv_neg,0.17279139161109924,347.14148,5.3582748,dr16_spectra/spec-4414-55882-0184.fits,dr16_sdssv_crossmatch/spec-104617-59878-27021597940619443.fits,0,0.02867189,488
3.962837581535902e+16,desi_neg,0.37356534600257874,336.9964,24.952687,dr16_spectra/spec-7654-57330-0454.fits,desi/spectra/type1/desi-spec-39628375815359026.fits,0,0.027529605,489
3.962780293634863e+16,desi_neg,0.34430718421936035,5.358373000000029,0.752809,dr16_spectra/spec-4219-55480-0754.fits,desi/spectra/type1/desi-spec-39627802936348632.fits,0,0.027399871,490
6.3050395066781864e+16,sdssv_neg,0.2557319700717926,15.908749999999998,0.57396561,dr16_spectra/spec-4226-55475-0578.fits,dr16_sdssv_crossmatch/spec-104572-60583-63050395066781863.fits,0,0.02726033,491
2.702159795753924e+16,sdssv_neg,0.26556873321533203,6.347142399999996,1.6384527,dr16_spectra/spec-4300-55528-0108.fits,dr16_sdssv_crossmatch/spec-104619-59910-27021597957539242.fits,0,0.027049419,492
2.7021597920174164e+16,sdssv_neg,0.18603608012199402,126.28431,42.421186,dr16_spectra/spec-8293-57361-0914.fits,dr16_sdssv_crossmatch/spec-102884-60012-27021597920174163.fits,0,0.026336417,493
3.9627815666063416e+16,desi_neg,0.1765526384115219,44.195704999999975,1.230354,dr16_spectra/spec-9370-58056-0773.fits,desi/spectra/type1/desi-spec-39627815666063415.fits,0,0.026186205,494
6.30503950662693e+16,sdssv_neg,0.16280803084373474,29.959386999999992,0.39469199,dr16_spectra/spec-9390-58103-0001.fits,dr16_sdssv_crossmatch/spec-101877-60661-63050395066269297.fits,0,0.026093563,495
4346091531.0,sdssv_neg,0.41483867168426514,245.24987999999996,49.352418,dr16_spectra/spec-8059-57895-0260.fits,dr16_sdssv_crossmatch/spec-015403-59383-4346091531.fits,0,0.0260144,496
2.702160060502264e+16,sdssv_neg,0.34238022565841675,173.42408999999998,57.642705,dr16_spectra/spec-8176-57131-0794.fits,dr16_sdssv_crossmatch/spec-104640-59664-27021600605022639.fits,0,0.025862042,497
4603881502.0,sdssv_neg,0.5184430480003357,220.29516999999998,35.262643,dr16_spectra/spec-10754-58224-0196.fits,dr16_sdssv_crossmatch/spec-015327-59326-4603881502.fits,0,0.025664764,498
6.305039507424613e+16,sdssv_neg,0.38737261295318604,7.048625800000025,20.053178,dr16_spectra/spec-7589-56946-0389.fits,dr16_sdssv_crossmatch/spec-104606-60254-63050395074246125.fits,0,0.025524145,499
6.305039506624969e+16,sdssv_neg,0.44049617648124695,31.124355999999977,-0.678428,dr16_spectra/spec-9384-58080-0899.fits,dr16_sdssv_crossmatch/spec-104576-60234-63050395066249686.fits,0,0.025496347,500
6.305039507443931e+16,sdssv_neg,0.24915620684623718,12.211645999999973,23.518971,dr16_spectra/spec-7617-56949-0908.fits,dr16_sdssv_crossmatch/spec-104176-60566-63050395074439311.fits,0,0.025320577,501
3.963299110584485e+16,desi_neg,0.2567824721336365,207.37107000000003,35.439837,dr16_spectra/spec-8878-57785-0459.fits,desi/spectra/type1/desi-spec-39632991105844849.fits,0,0.024823194,502
2.7021597917680256e+16,sdssv_neg,0.21755851805210114,130.80588,53.955244,dr16_spectra/spec-7276-57061-0470.fits,dr16_sdssv_crossmatch/spec-102913-59973-27021597917680255.fits,0,0.024393953,503
4382243739.0,sdssv_neg,0.5793454051017761,359.2869800000001,0.117304,dr16_spectra/spec-7848-56959-0280.fits,dr16_sdssv_crossmatch/spec-015035-59190-4382243739.fits,0,0.023986625,504
3.963320884894332e+16,desi_neg,0.235709547996521,245.46533999999997,47.465598,dr16_spectra/spec-8543-57542-0346.fits,desi/spectra/type1/desi-spec-39633208848943317.fits,0,0.0238054,505
3.9628292713614504e+16,desi_neg,0.21247081458568573,354.5476,21.296532,dr16_spectra/spec-7601-56959-0728.fits,desi/spectra/type1/desi-spec-39628292713614504.fits,0,0.023257203,506
3.963308984395397e+16,desi_neg,0.25380146503448486,109.92317000000003,40.852073,dr16_spectra/spec-3656-55241-0430.fits,desi/spectra/type1/desi-spec-39633089843953968.fits,0,0.023193331,507
6.305039506633514e+16,sdssv_neg,0.1471559703350067,29.92470800000001,2.6405288,dr16_spectra/spec-7836-57278-0838.fits,dr16_sdssv_crossmatch/spec-101866-60617-63050395066335135.fits,0,0.023116715,508
4399903906.0,sdssv_neg,0.7445377707481384,23.789641000000017,0.047765001,dr16_spectra/spec-3639-55205-0501.fits,dr16_sdssv_crossmatch/spec-015012-59166-4399903906.fits,0,0.022733642,509
3.963321303066441e+16,desi_neg,0.1118103638291359,254.23989000000006,47.789781,dr16_spectra/spec-8538-57549-0713.fits,desi/spectra/type1/desi-spec-39633213030664406.fits,0,0.022658663,510
2.7021597918548824e+16,sdssv_neg,0.19970564544200897,164.10345000000007,60.26585,dr16_spectra/spec-7103-56661-0476.fits,dr16_sdssv_crossmatch/spec-100757-59977-27021597918548825.fits,0,0.022631235,511
4602878002.0,sdssv_neg,0.5558906197547913,204.32600000000002,37.937456,dr16_spectra/spec-8876-57783-0920.fits,dr16_sdssv_crossmatch/spec-015299-59293-4602878002.fits,0,0.022303564,512
3.96285272968437e+16,desi_neg,0.3921205401420593,176.11949000000004,32.219965,dr16_spectra/spec-10261-58462-0412.fits,desi/spectra/type1/desi-spec-39628527296843694.fits,0,0.021835145,513
3.962853487175719e+16,desi_neg,0.16415129601955414,349.58785,32.394306,dr16_spectra/spec-7765-58047-0678.fits,desi/spectra/type1/desi-spec-39628534871757189.fits,0,0.021487692,514
4555496301.0,sdssv_neg,0.7911977171897888,122.45330999999999,38.324451,dr16_spectra/spec-3802-55528-0038.fits,dr16_sdssv_crossmatch/spec-015026-59169-4555496301.fits,0,0.021372465,515
3.962822465683517e+16,desi_neg,0.18779157102108002,7.658371199999976,18.410711,dr16_spectra/spec-7590-56944-0014.fits,desi/spectra/type1/desi-spec-39628224656835169.fits,0,0.021175083,516
6.305039491254785e+16,sdssv_neg,0.1717434823513031,336.40616,22.990692,dr16_spectra/spec-7586-57186-0489.fits,dr16_sdssv_crossmatch/spec-103923-60591-63050394912547846.fits,0,0.02096657,517
3.962790009320574e+16,desi_neg,0.21197541058063507,39.968271000000016,4.6536274,dr16_spectra/spec-8730-57672-0756.fits,desi/spectra/type1/desi-spec-39627900093205746.fits,0,0.020960286,518
4554152969.0,sdssv_neg,0.5324103236198425,116.46716000000004,38.793447,dr16_spectra/spec-9368-57817-0674.fits,dr16_sdssv_crossmatch/spec-015017-59163-4554152969.fits,0,0.020537818,519
6.305039658229604e+16,sdssv_neg,0.1221311017870903,15.845011999999997,30.48761,dr16_spectra/spec-7724-58434-0552.fits,dr16_sdssv_crossmatch/spec-100295-60641-63050396582296039.fits,0,0.020515185,520
3.9628472984800744e+16,desi_neg,0.30354321002960205,9.083468299999993,29.711702,dr16_spectra/spec-7714-57363-0158.fits,desi/spectra/type1/desi-spec-39628472984800743.fits,0,0.020178119,521
6.305039517033168e+16,sdssv_neg,0.23074351251125336,166.41706,6.7071513,dr16_spectra/spec-4855-55926-0808.fits,dr16_sdssv_crossmatch/spec-101218-60383-63050395170331684.fits,0,0.01977436,522
2.7021597918439036e+16,sdssv_neg,0.1516900211572647,178.73491,61.614868,dr16_spectra/spec-7106-56663-0258.fits,dr16_sdssv_crossmatch/spec-100784-59957-27021597918439037.fits,0,0.019610776,523
3.962798969612333e+16,desi_neg,0.3461296856403351,11.342938000000004,8.55013,dr16_spectra/spec-11047-58424-0140.fits,desi/spectra/type1/desi-spec-39627989696123330.fits,0,0.019598229,524
3.96278153053496e+16,desi_neg,0.23092952370643616,22.57078200000001,1.331112,dr16_spectra/spec-9400-58107-0652.fits,desi/spectra/type1/desi-spec-39627815305349598.fits,0,0.019511206,525
6.30503958130594e+16,sdssv_neg,0.4065472483634949,44.65857699999998,-1.902954,dr16_spectra/spec-7823-56978-0988.fits,dr16_sdssv_crossmatch/spec-101862-60565-63050395813059399.fits,0,0.019248908,526
3.963315355962873e+16,desi_neg,0.2578130066394806,204.65302999999994,44.245131,dr16_spectra/spec-8379-57787-0854.fits,desi/spectra/type1/desi-spec-39633153559628731.fits,0,0.01881363,527
6.305039507433046e+16,sdssv_neg,0.4451023042201996,6.410327199999983,20.848938,dr16_spectra/spec-7591-56954-0060.fits,dr16_sdssv_crossmatch/spec-104154-60635-63050395074330464.fits,0,0.018688712,528
2.7021597934482668e+16,sdssv_neg,0.05330423638224602,36.753232000000025,-4.33907,dr16_spectra/spec-9319-58043-0387.fits,dr16_sdssv_crossmatch/spec-112361-59829-27021597934482669.fits,0,0.018478906,529
3.963314063278354e+16,desi_neg,0.3814579248428345,219.03360999999995,43.582843,dr16_spectra/spec-8496-58159-0144.fits,desi/spectra/type1/desi-spec-39633140632783538.fits,0,0.0184148,530
6.3050395075275416e+16,sdssv_neg,0.47915756702423096,342.91509999999994,18.320473,dr16_spectra/spec-7605-56949-0266.fits,dr16_sdssv_crossmatch/spec-103883-60562-63050395075275418.fits,0,0.01840719,531
2.7021597958106816e+16,sdssv_neg,0.4918869137763977,14.324539000000016,0.54527302,dr16_spectra/spec-9393-58100-0455.fits,dr16_sdssv_crossmatch/spec-104650-59911-27021597958106818.fits,0,0.018185647,532
2.702159795763196e+16,sdssv_neg,0.7692756056785583,4.748987100000022,6.325545,dr16_spectra/spec-8746-58396-0566.fits,dr16_sdssv_crossmatch/spec-104593-59911-27021597957631958.fits,0,0.018075788,533
3.9633300255409976e+16,desi_neg,0.22758060693740845,144.22436,53.524123,dr16_spectra/spec-7286-57096-0113.fits,desi/spectra/type1/desi-spec-39633300255409974.fits,0,0.017140554,534
6.305039506594095e+16,sdssv_neg,0.25247910618782043,35.10328199999998,-5.0421764,dr16_spectra/spec-6369-56217-0418.fits,dr16_sdssv_crossmatch/spec-104662-60702-63050395065940954.fits,0,0.016857333,535
2.702159815497249e+16,sdssv_neg,0.19827382266521454,174.07130000000006,44.172932,dr16_spectra/spec-6643-56386-0502.fits,dr16_sdssv_crossmatch/spec-100423-60065-27021598154972486.fits,0,0.016668517,536
2.7021597935291404e+16,sdssv_neg,0.08596042543649673,322.72036,4.0417443,dr16_spectra/spec-11318-58419-0982.fits,dr16_sdssv_crossmatch/spec-101056-59874-27021597935291403.fits,0,0.016639773,537
3.962812817945492e+16,desi_neg,0.11208441108465195,143.48284,14.322362,dr16_spectra/spec-5313-55973-0790.fits,desi/spectra/type1/desi-spec-39628128179454918.fits,0,0.016599208,538
2.702159791782554e+16,sdssv_neg,0.15913791954517365,124.21611999999999,49.893007,dr16_spectra/spec-7309-56991-0300.fits,dr16_sdssv_crossmatch/spec-102898-59976-27021597917825541.fits,0,0.016559636,539
4371194208.0,sdssv_neg,0.2676600217819214,358.85483,-0.28766054,dr16_spectra/spec-4216-55477-0488.fits,dr16_sdssv_crossmatch/spec-015035-59190-4371194208.fits,0,0.016482245,540
3.963325265005899e+16,desi_neg,0.23415160179138184,244.79684999999995,50.185893,dr16_spectra/spec-8059-57895-0694.fits,desi/spectra/type1/desi-spec-39633252650058994.fits,0,0.016240904,541
6.305039482768339e+16,sdssv_neg,0.5067746639251709,122.74580000000003,41.567434,dr16_spectra/spec-8292-57373-0116.fits,dr16_sdssv_crossmatch/spec-100132-60664-63050394827683389.fits,0,0.015998837,542
4555377733.0,sdssv_neg,0.7463539838790894,125.86817000000002,34.71027,dr16_spectra/spec-9358-57749-0028.fits,dr16_sdssv_crossmatch/spec-015057-59197-4555377733.fits,0,0.015891783,543
4375035282.0,sdssv_neg,0.3881773352622986,19.291971999999987,-1.410642,dr16_spectra/spec-9391-58072-0185.fits,dr16_sdssv_crossmatch/spec-015009-59164-4375035282.fits,0,0.015757745,544
6.305039506657998e+16,sdssv_neg,0.3257297873497009,15.721901000000003,-4.364046,dr16_spectra/spec-7915-57309-0464.fits,dr16_sdssv_crossmatch/spec-102715-60660-63050395066579984.fits,0,0.015637636,545
6.305039482311533e+16,sdssv_neg,0.31740668416023254,177.77789000000007,47.199374,dr16_spectra/spec-7405-57134-0384.fits,dr16_sdssv_crossmatch/spec-100410-60422-63050394823115330.fits,0,0.015172587,546
3.962769414029668e+16,desi_neg,0.22827118635177612,359.1372,-4.0667095,dr16_spectra/spec-7895-57659-0317.fits,desi/spectra/type1/desi-spec-39627694140296681.fits,0,0.014980273,547
3.962770075891227e+16,desi_neg,0.13741452991962433,34.240770999999995,-3.4165169,dr16_spectra/spec-7885-57336-0986.fits,desi/spectra/type1/desi-spec-39627700758912274.fits,0,0.014765465,548
4346268229.0,sdssv_neg,0.6250249743461609,240.87176999999997,47.648932,dr16_spectra/spec-8060-57894-0432.fits,dr16_sdssv_crossmatch/spec-015402-59381-4346268229.fits,0,0.014725555,549
2.702159792965026e+16,sdssv_neg,0.2472025603055954,347.41837,-0.80569526,dr16_spectra/spec-4209-55478-0459.fits,dr16_sdssv_crossmatch/spec-104616-59847-27021597929650261.fits,0,0.014397275,550
3.963297116192853e+16,desi_neg,0.39194098114967346,199.11428999999998,34.517354,dr16_spectra/spec-10254-58514-0574.fits,desi/spectra/type1/desi-spec-39632971161928529.fits,0,0.014308124,551
3.962770069599266e+16,desi_neg,0.15891030430793762,30.363855,-3.4599659,dr16_spectra/spec-7891-57332-0728.fits,desi/spectra/type1/desi-spec-39627700695992657.fits,0,0.014190357,552
6.305039658263051e+16,sdssv_neg,0.14807602763175964,19.574131000000023,33.075891,dr16_spectra/spec-7726-58154-0460.fits,dr16_sdssv_crossmatch/spec-104615-60289-63050396582630509.fits,0,0.01415262,553
2.7021597919598356e+16,sdssv_neg,0.16148826479911804,135.40832999999998,53.347562,dr16_spectra/spec-7294-56739-0957.fits,dr16_sdssv_crossmatch/spec-102902-59976-27021597919598355.fits,0,0.013110969,554
4403043848.0,sdssv_neg,0.23385301232337952,9.488608399999976,26.358788,dr16_spectra/spec-7660-57357-0971.fits,dr16_sdssv_crossmatch/spec-015006-59227-4403043848.fits,0,0.012530326,555
6.305039506750306e+16,sdssv_neg,0.3931238353252411,26.79217399999999,12.656655,dr16_spectra/spec-11053-58437-0682.fits,dr16_sdssv_crossmatch/spec-104601-60565-63050395067503052.fits,0,0.012257962,556
4546439486.0,sdssv_neg,0.4643542468547821,123.19389999999999,20.529015,dr16_spectra/spec-11109-58523-0253.fits,dr16_sdssv_crossmatch/spec-015052-59229-4546439486.fits,0,0.012149161,557
6.305039506627243e+16,sdssv_neg,0.36610591411590576,30.598517000000015,0.31552299,dr16_spectra/spec-9384-58080-0771.fits,dr16_sdssv_crossmatch/spec-104576-60234-63050395066272429.fits,0,0.011936159,558
3.962852723392764e+16,desi_neg,0.30003228783607483,171.58834000000002,32.232778,dr16_spectra/spec-6438-56367-0984.fits,desi/spectra/type1/desi-spec-39628527233927638.fits,0,0.011930188,559
3.9627797315979944e+16,desi_neg,0.3622753322124481,30.314711999999986,0.52640102,dr16_spectra/spec-3609-55201-0610.fits,desi/spectra/type1/desi-spec-39627797315979942.fits,0,0.011335045,560
3.962792315768265e+16,desi_neg,0.2381022423505783,339.01790000000005,5.5968211,dr16_spectra/spec-11304-58448-0396.fits,desi/spectra/type1/desi-spec-39627923157682646.fits,0,0.011311625,561
3.962777839128191e+16,desi_neg,0.3740449547767639,342.34955,-0.42383002,dr16_spectra/spec-9216-57693-0643.fits,desi/spectra/type1/desi-spec-39627778391281909.fits,0,0.011277478,562
2.7021597940514284e+16,sdssv_neg,0.2573244571685791,348.21204,0.28862402,dr16_spectra/spec-9204-57712-0217.fits,dr16_sdssv_crossmatch/spec-104616-59847-27021597940514284.fits,0,0.011188825,563
4375836323.0,sdssv_neg,0.15891030430793762,30.363855,-3.4599659,dr16_spectra/spec-7891-57332-0728.fits,dr16_sdssv_crossmatch/spec-015045-59169-4375836323.fits,0,0.011150063,564
6.305039506585655e+16,sdssv_neg,0.7809800505638123,24.084300999999982,-2.5616681,dr16_spectra/spec-7845-56980-0470.fits,dr16_sdssv_crossmatch/spec-104658-60234-63050395065856553.fits,0,0.011056743,565
2.702159790996285e+16,sdssv_neg,0.24217520654201508,213.61619999999994,53.886015,dr16_spectra/spec-7340-56726-0756.fits,dr16_sdssv_crossmatch/spec-016169-59636-27021597909962846.fits,0,0.011035296,566
4350966659.0,sdssv_neg,0.26466211676597595,215.16049999999996,53.404582,dr16_spectra/spec-7339-56799-0927.fits,dr16_sdssv_crossmatch/spec-015172-59226-4350966659.fits,0,0.010921729,567
6.305039658179698e+16,sdssv_neg,0.24509908258914948,29.999269000000027,27.142076,dr16_spectra/spec-7691-58487-0278.fits,dr16_sdssv_crossmatch/spec-104602-60566-63050396581796973.fits,0,0.010905866,568
6.305039506722119e+16,sdssv_neg,0.5027430653572083,22.787558999999987,2.7000179,dr16_spectra/spec-7860-57006-0789.fits,dr16_sdssv_crossmatch/spec-104620-60236-63050395067221194.fits,0,0.010565767,569
6.30503950663567e+16,sdssv_neg,0.7825376987457275,26.792437000000007,3.641966,dr16_spectra/spec-8739-57645-0177.fits,dr16_sdssv_crossmatch/spec-104595-60564-63050395066356706.fits,0,0.010527546,570
2.7021597929658436e+16,sdssv_neg,0.5857721567153931,347.88013,-0.478506,dr16_spectra/spec-9213-57712-0641.fits,dr16_sdssv_crossmatch/spec-104616-59847-27021597929658437.fits,0,0.010519675,571
3.963303908029539e+16,desi_neg,0.25406843423843384,167.56948999999997,37.917039,dr16_spectra/spec-8850-57782-0928.fits,desi/spectra/type1/desi-spec-39633039080295394.fits,0,0.01050429,572
4399887116.0,sdssv_neg,0.23092952370643616,22.57078200000001,1.331112,dr16_spectra/spec-9400-58107-0652.fits,dr16_sdssv_crossmatch/spec-015011-59203-4399887116.fits,0,0.010473493,573
4375880249.0,sdssv_neg,0.24373559653759003,31.68192099999999,-2.24877,dr16_spectra/spec-9316-58082-0398.fits,dr16_sdssv_crossmatch/spec-015045-59169-4375880249.fits,0,0.010097667,574
6.305039482462812e+16,sdssv_neg,0.20639577507972717,113.27499,21.414224,dr16_spectra/spec-11085-58462-0574.fits,dr16_sdssv_crossmatch/spec-100908-60700-63050394824628117.fits,0,0.010023919,575
3.962835064114484e+16,desi_neg,0.34927812218666077,130.62119,23.933484,dr16_spectra/spec-9600-58106-0223.fits,desi/spectra/type1/desi-spec-39628350641144837.fits,0,0.009871169,576
3.962787480993942e+16,desi_neg,0.3019416034221649,330.28568999999993,3.53077,dr16_spectra/spec-11336-58429-0580.fits,desi/spectra/type1/desi-spec-39627874809939426.fits,0,0.009809104,577
2.7021597957530856e+16,sdssv_neg,0.7896129488945007,5.899788999999998,0.207769,dr16_spectra/spec-9405-58048-0803.fits,dr16_sdssv_crossmatch/spec-104653-59882-27021597957530855.fits,0,0.00965333,578
6.305039506613186e+16,sdssv_neg,0.6054701209068298,38.378979000000015,0.2019076,dr16_spectra/spec-6781-56274-0617.fits,dr16_sdssv_crossmatch/spec-104652-60698-63050395066131854.fits,0,0.009610836,579
3.963296179185502e+16,desi_neg,0.12049057334661484,245.19673,34.0092,dr16_spectra/spec-10913-58256-0583.fits,desi/spectra/type1/desi-spec-39632961791855026.fits,0,0.009529612,580
4345869675.0,sdssv_neg,0.5133097171783447,253.14210000000003,44.20331,dr16_spectra/spec-8536-58015-0191.fits,dr16_sdssv_crossmatch/spec-015408-59373-4345869675.fits,0,0.009451134,581
6.3050395067028664e+16,sdssv_neg,0.10208475589752197,11.099088999999992,1.914313,dr16_spectra/spec-9445-58097-0372.fits,dr16_sdssv_crossmatch/spec-104574-60231-63050395067028665.fits,0,0.00942758,582
4375029685.0,sdssv_neg,0.11842180788516998,18.614510999999993,-1.2761025,dr16_spectra/spec-7875-56980-0860.fits,dr16_sdssv_crossmatch/spec-015009-59164-4375029685.fits,0,0.009305598,583
5191896567.0,sdssv_neg,0.2567722201347351,249.59163,40.403702,dr16_spectra/spec-8529-58013-0389.fits,dr16_sdssv_crossmatch/spec-015309-59312-5191896567.fits,0,0.00917149,584
6.305039506750341e+16,sdssv_neg,0.7947540879249573,26.27764000000002,12.464173,dr16_spectra/spec-11053-58437-0564.fits,dr16_sdssv_crossmatch/spec-104601-60565-63050395067503407.fits,0,0.009094542,585
3.9633275060224104e+16,desi_neg,0.35874903202056885,200.94493999999997,51.825099,dr16_spectra/spec-8207-57431-0124.fits,desi/spectra/type1/desi-spec-39633275060224107.fits,0,0.008760063,586
6.305039507440959e+16,sdssv_neg,0.14856719970703125,13.442318,22.539551,dr16_spectra/spec-7620-56904-0603.fits,dr16_sdssv_crossmatch/spec-104591-60236-63050395074409591.fits,0,0.008631822,587
6.305039506723398e+16,sdssv_neg,0.7298731207847595,25.89769799999999,3.4514914,dr16_spectra/spec-8739-57645-0335.fits,dr16_sdssv_crossmatch/spec-104595-60564-63050395067233980.fits,0,0.008438379,588
6.3050394818820936e+16,sdssv_neg,0.4721575379371643,141.74071000000004,13.52605,dr16_spectra/spec-5308-55976-0880.fits,dr16_sdssv_crossmatch/spec-102038-60380-63050394818820935.fits,0,0.008345421,589
3.962796573825865e+16,desi_neg,0.2663021683692932,11.32251500000001,7.3987274,dr16_spectra/spec-11054-58424-0525.fits,desi/spectra/type1/desi-spec-39627965738258647.fits,0,0.0083130775,590
2.702159791781493e+16,sdssv_neg,0.5999776721000671,123.99194999999997,50.208962,dr16_spectra/spec-7309-56991-0349.fits,dr16_sdssv_crossmatch/spec-102898-59976-27021597917814926.fits,0,0.008226607,591
2.7021597933109984e+16,sdssv_neg,0.3192655146121979,6.713257999999996,-1.9898831,dr16_spectra/spec-7867-57003-0516.fits,dr16_sdssv_crossmatch/spec-104578-59907-27021597933109984.fits,0,0.008124124,592
4346503424.0,sdssv_neg,0.6155098676681519,241.88377000000003,55.221313,dr16_spectra/spec-8413-57897-0972.fits,dr16_sdssv_crossmatch/spec-015329-59343-4346503424.fits,0,0.00807847,593
6.3050394819194104e+16,sdssv_neg,0.5682241320610046,138.62396999999999,19.552614,dr16_spectra/spec-5768-56017-0688.fits,dr16_sdssv_crossmatch/spec-102026-60653-63050394819194102.fits,0,0.007918151,594
6.30503948213042e+16,sdssv_neg,0.7775830030441284,132.45198,25.246107,dr16_spectra/spec-11115-58514-0948.fits,dr16_sdssv_crossmatch/spec-101970-60678-63050394821304202.fits,0,0.007874575,595
4400726186.0,sdssv_neg,0.6661883592605591,2.9762129000000073,26.357923,dr16_spectra/spec-7664-57367-0896.fits,dr16_sdssv_crossmatch/spec-015004-59165-4400726186.fits,0,0.007772383,596
6.30503965819496e+16,sdssv_neg,0.16273805499076843,26.092444999999998,29.749295,dr16_spectra/spec-7733-58103-0818.fits,dr16_sdssv_crossmatch/spec-104587-60255-63050396581949604.fits,0,0.0077650356,597
4375871363.0,sdssv_neg,0.46298009157180786,30.11676,-2.355487,dr16_spectra/spec-7841-56960-0154.fits,dr16_sdssv_crossmatch/spec-015045-59169-4375871363.fits,0,0.0075355927,598
4555035141.0,sdssv_neg,0.29378390312194824,127.42894000000001,28.589307,dr16_spectra/spec-10657-58157-0020.fits,dr16_sdssv_crossmatch/spec-015058-59195-4555035141.fits,0,0.0073526646,599
6.305039507568477e+16,sdssv_neg,0.5288202166557312,350.66408,24.106126,dr16_spectra/spec-7669-57329-0400.fits,dr16_sdssv_crossmatch/spec-104623-60251-63050395075684766.fits,0,0.0071353833,600
6.305039658634963e+16,sdssv_neg,0.16763755679130554,10.902639000000022,31.857593,dr16_spectra/spec-7715-57364-0991.fits,dr16_sdssv_crossmatch/spec-104612-60583-63050396586349630.fits,0,0.0070639956,601
3.962785776848403e+16,desi_neg,0.15943844616413116,33.595505,3.0399738,dr16_spectra/spec-8734-57642-0246.fits,desi/spectra/type1/desi-spec-39627857768484036.fits,0,0.0070119244,602
6.305039485031931e+16,sdssv_neg,0.47214049100875854,212.84758,52.225466,dr16_spectra/spec-7339-56722-0376.fits,dr16_sdssv_crossmatch/spec-112359-60702-63050394850319314.fits,0,0.006953873,603
4360871199.0,sdssv_neg,0.3535638451576233,130.16155000000003,50.609355,dr16_spectra/spec-7311-57038-0842.fits,dr16_sdssv_crossmatch/spec-015244-59257-4360871199.fits,0,0.006873331,604
2.7021597957508228e+16,sdssv_neg,0.2374161332845688,0.9569960000000037,3.5624059,dr16_spectra/spec-8743-57663-0384.fits,dr16_sdssv_crossmatch/spec-104605-59905-27021597957508227.fits,0,0.0066350787,605
4555502851.0,sdssv_neg,0.5286335349082947,124.46503999999999,37.637528,dr16_spectra/spec-8857-57449-0522.fits,dr16_sdssv_crossmatch/spec-015026-59169-4555502851.fits,0,0.0065408447,606
4371147349.0,sdssv_neg,0.31264373660087585,355.08260999999993,-0.98565,dr16_spectra/spec-9210-57656-0974.fits,dr16_sdssv_crossmatch/spec-015033-59164-4371147349.fits,0,0.006419128,607
4349281898.0,sdssv_neg,0.8077682256698608,212.27342,61.451127,dr16_spectra/spec-7116-56681-0494.fits,dr16_sdssv_crossmatch/spec-015303-59280-4349281898.fits,0,0.006364535,608
4597279713.0,sdssv_neg,0.7899952530860901,171.24014,29.868982,dr16_spectra/spec-6434-56362-0814.fits,dr16_sdssv_crossmatch/spec-015292-59311-4597279713.fits,0,0.006297623,609
4351029045.0,sdssv_neg,0.49501121044158936,212.13276999999994,56.254938,dr16_spectra/spec-8427-57846-0316.fits,dr16_sdssv_crossmatch/spec-015304-59281-4351029045.fits,0,0.0062229433,610
4554913163.0,sdssv_neg,0.630580723285675,127.44857000000002,26.129963,dr16_spectra/spec-9606-58103-0533.fits,dr16_sdssv_crossmatch/spec-015060-59222-4554913163.fits,0,0.006171498,611
3.963327894834457e+16,desi_neg,0.2633877396583557,215.26469999999995,51.972074,dr16_spectra/spec-7339-56799-0046.fits,desi/spectra/type1/desi-spec-39633278948344566.fits,0,0.0061416887,612
6.305039481924802e+16,sdssv_neg,0.15758082270622253,141.99233000000004,22.002162,dr16_spectra/spec-9589-57813-0372.fits,dr16_sdssv_crossmatch/spec-102027-60679-63050394819248012.fits,0,0.0061088745,613
2.7021597957621196e+16,sdssv_neg,0.19435593485832214,6.190677199999982,5.2274228,dr16_spectra/spec-8746-58396-0136.fits,dr16_sdssv_crossmatch/spec-104593-59911-27021597957621197.fits,0,0.005877203,614
6.305039506682522e+16,sdssv_neg,0.5249077081680298,15.834786000000008,1.688753,dr16_spectra/spec-9393-58100-0885.fits,dr16_sdssv_crossmatch/spec-104572-60234-63050395066825214.fits,0,0.005847698,615
6.305039517035054e+16,sdssv_neg,0.287549763917923,170.17695000000003,7.2198488,dr16_spectra/spec-5369-56272-0247.fits,dr16_sdssv_crossmatch/spec-101454-60681-63050395170350547.fits,0,0.005831702,616
3.963306212380012e+16,desi_neg,0.19863663613796234,120.22503,39.288664,dr16_spectra/spec-9360-58055-0579.fits,desi/spectra/type1/desi-spec-39633062123800121.fits,0,0.005814028,617
4381173672.0,sdssv_neg,0.21276025474071503,335.10246000000006,1.158695,dr16_spectra/spec-9168-58067-0328.fits,dr16_sdssv_crossmatch/spec-015029-59169-4381173672.fits,0,0.0057327216,618
3.962785090240637e+16,desi_neg,0.10611279308795929,344.29006000000004,2.4255677,dr16_spectra/spec-9172-58015-0759.fits,desi/spectra/type1/desi-spec-39627850902406370.fits,0,0.005715364,619
3.963319913912995e+16,desi_neg,0.16804441809654236,115.61284,46.945284,dr16_spectra/spec-10654-58429-0249.fits,desi/spectra/type1/desi-spec-39633199139129948.fits,0,0.00556302,620
2.70215979332106e+16,sdssv_neg,0.47648167610168457,8.787642099999971,-2.2097487,dr16_spectra/spec-7867-57003-0062.fits,dr16_sdssv_crossmatch/spec-104618-59925-27021597933210601.fits,0,0.0054610767,621
6.30503948220177e+16,sdssv_neg,0.20519733428955078,135.83139,38.730413,dr16_spectra/spec-8830-57447-0292.fits,dr16_sdssv_crossmatch/spec-103037-60671-63050394822017694.fits,0,0.005454298,622
4555715063.0,sdssv_neg,0.49770328402519226,127.94696999999996,37.115131,dr16_spectra/spec-8858-57450-0400.fits,dr16_sdssv_crossmatch/spec-015062-59227-4555715063.fits,0,0.0053104544,623
2.7021597917372596e+16,sdssv_neg,0.18034133315086365,121.71713,56.736896,dr16_spectra/spec-7280-56709-0524.fits,dr16_sdssv_crossmatch/spec-102936-59953-27021597917372597.fits,0,0.0052609425,624
6.305039485088212e+16,sdssv_neg,0.16258938610553741,185.79776000000004,47.740751,dr16_spectra/spec-7421-57159-0320.fits,dr16_sdssv_crossmatch/spec-100382-60423-63050394850882118.fits,0,0.005251393,625
3.9632960839746664e+16,desi_neg,0.25282761454582214,176.78355999999997,33.94626,dr16_spectra/spec-10261-58462-0714.fits,desi/spectra/type1/desi-spec-39632960839746666.fits,0,0.0052426546,626
6.305039482117137e+16,sdssv_neg,0.4772886335849762,136.20918,23.021868,dr16_spectra/spec-11675-58523-0276.fits,dr16_sdssv_crossmatch/spec-101997-60650-63050394821171367.fits,0,0.005233464,627
4377408229.0,sdssv_neg,0.2342417985200882,323.18853,0.029569002,dr16_spectra/spec-9180-57693-0793.fits,dr16_sdssv_crossmatch/spec-015064-59375-4377408229.fits,0,0.0052172216,628
2.3058430278322176e+18,desi_neg,0.1975114643573761,42.529278999999974,0.42371699,dr16_spectra/spec-9380-58081-0249.fits,desi/spectra/type1/desi-spec-2305843027832217848.fits,0,0.0049962974,629
6.305039482128761e+16,sdssv_neg,0.34927812218666077,130.62119,23.933484,dr16_spectra/spec-9600-58106-0223.fits,dr16_sdssv_crossmatch/spec-101970-60678-63050394821287611.fits,0,0.004892725,630
6.305039516749385e+16,sdssv_neg,0.7581484317779541,184.02558999999997,0.62967245,dr16_spectra/spec-3846-55327-0601.fits,dr16_sdssv_crossmatch/spec-103248-60327-63050395167493848.fits,0,0.0048696375,631
3.9627790877724984e+16,desi_neg,0.3971027135848999,6.608173000000022,0.17132014,dr16_spectra/spec-3586-55181-0520.fits,desi/spectra/type1/desi-spec-39627790877724987.fits,0,0.0048649185,632
2.7021597918247464e+16,sdssv_neg,0.4268849492073059,120.32454000000001,48.454886,dr16_spectra/spec-7324-56935-0556.fits,dr16_sdssv_crossmatch/spec-102899-59977-27021597918247464.fits,0,0.0047385585,633
3.962799572753106e+16,desi_neg,0.1269979476928711,14.296377000000007,8.6679312,dr16_spectra/spec-11063-58426-0664.fits,desi/spectra/type1/desi-spec-39627995727531053.fits,0,0.004595789,634
6.3050395067201544e+16,sdssv_neg,0.5792547464370728,23.92076099999997,1.7345816,dr16_spectra/spec-4275-55501-0500.fits,dr16_sdssv_crossmatch/spec-104620-60236-63050395067201547.fits,0,0.0045710104,635
4382248407.0,sdssv_neg,0.42466211318969727,358.78304,1.351667,dr16_spectra/spec-9199-57684-0967.fits,dr16_sdssv_crossmatch/spec-015035-59190-4382248407.fits,0,0.004463684,636
4546377890.0,sdssv_neg,0.7299768328666687,122.54577999999998,20.239194,dr16_spectra/spec-11109-58523-0403.fits,dr16_sdssv_crossmatch/spec-015052-59229-4546377890.fits,0,0.0044437256,637
3.963298107726465e+16,desi_neg,0.30045899748802185,196.95682,35.027868,dr16_spectra/spec-10251-58173-0063.fits,desi/spectra/type1/desi-spec-39632981077264649.fits,0,0.0042832573,638
6.305039507566141e+16,sdssv_neg,0.3953031897544861,353.12781999999993,23.540048,dr16_spectra/spec-7668-57579-0391.fits,dr16_sdssv_crossmatch/spec-104586-60610-63050395075661406.fits,0,0.0042550797,639
6.3050394912608056e+16,sdssv_neg,0.23848369717597961,339.90716,23.896505,dr16_spectra/spec-7653-57306-0152.fits,dr16_sdssv_crossmatch/spec-104599-60233-63050394912608054.fits,0,0.0042209276,640
6.305039481908116e+16,sdssv_neg,0.5229455828666687,141.85415999999998,16.310418,dr16_spectra/spec-9548-57785-0159.fits,dr16_sdssv_crossmatch/spec-102029-60651-63050394819081162.fits,0,0.004179915,641
4601914932.0,sdssv_neg,0.72279953956604,185.21618,29.927045,dr16_spectra/spec-6476-56358-0972.fits,dr16_sdssv_crossmatch/spec-015249-59265-4601914932.fits,0,0.0041624117,642
2.702159815493861e+16,sdssv_neg,0.47826096415519714,172.44766000000004,44.54633,dr16_spectra/spec-8362-57732-0662.fits,dr16_sdssv_crossmatch/spec-104638-59641-27021598154938609.fits,0,0.0041534225,643
3.962799476703297e+16,desi_neg,0.23991648852825165,316.34424,8.4594483,dr16_spectra/spec-11317-58398-0507.fits,desi/spectra/type1/desi-spec-39627994767032965.fits,0,0.0040628263,644
3.9628258815247976e+16,desi_neg,0.22924506664276123,358.75514999999996,19.722078,dr16_spectra/spec-7596-56945-0600.fits,desi/spectra/type1/desi-spec-39628258815247975.fits,0,0.004045719,645
3.962803140008378e+16,desi_neg,0.35099825263023376,7.3788319999999885,10.212021,dr16_spectra/spec-11314-58436-0546.fits,desi/spectra/type1/desi-spec-39628031400083774.fits,0,0.0039101164,646
6.3050394851319976e+16,sdssv_neg,0.16176946461200714,192.38216999999997,52.510867,dr16_spectra/spec-8222-57431-0561.fits,dr16_sdssv_crossmatch/spec-100348-60375-63050394851319973.fits,0,0.0038111503,647
6.305039482128599e+16,sdssv_neg,0.4459017515182495,130.87795,23.770774,dr16_spectra/spec-9600-58106-0143.fits,dr16_sdssv_crossmatch/spec-101970-60678-63050394821285994.fits,0,0.0036556476,648
3.963325246551141e+16,desi_neg,0.21999959647655487,227.88058,50.371951,dr16_spectra/spec-8397-57482-0142.fits,desi/spectra/type1/desi-spec-39633252465511408.fits,0,0.003647307,649
4350970055.0,sdssv_neg,0.16457140445709229,213.58267999999998,53.637597,dr16_spectra/spec-7339-56722-0727.fits,dr16_sdssv_crossmatch/spec-015172-59226-4350970055.fits,0,0.003643867,650
3.962829293171612e+16,desi_neg,0.23969778418540955,8.370556899999997,21.498449,dr16_spectra/spec-7589-56946-0910.fits,desi/spectra/type1/desi-spec-39628292931716118.fits,0,0.0036325369,651
3.962788173054483e+16,desi_neg,0.25630983710289,23.430188999999984,3.9599743,dr16_spectra/spec-8759-57700-0660.fits,desi/spectra/type1/desi-spec-39627881730544836.fits,0,0.003610705,652
6.305039506603195e+16,sdssv_neg,0.379608154296875,34.51461499999999,-0.72667274,dr16_spectra/spec-4236-55479-0097.fits,dr16_sdssv_crossmatch/spec-104647-60623-63050395066031950.fits,0,0.0035987594,653
3.9633062337710216e+16,desi_neg,0.24083790183067322,136.72699999999998,39.248702,dr16_spectra/spec-4643-55946-0582.fits,desi/spectra/type1/desi-spec-39633062337710215.fits,0,0.0034920534,654
4401113757.0,sdssv_neg,0.717533528804779,20.714728999999977,16.156888,dr16_spectra/spec-11067-58507-0116.fits,dr16_sdssv_crossmatch/spec-015010-59199-4401113757.fits,0,0.003459752,655
3.963298170221718e+16,desi_neg,0.36419495940208435,242.39441999999997,35.069649,dr16_spectra/spec-10738-58251-0157.fits,desi/spectra/type1/desi-spec-39632981702217188.fits,0,0.0033937015,656
6.30503950670488e+16,sdssv_neg,0.48793256282806396,9.885763199999985,2.5078279,dr16_spectra/spec-7856-57260-0679.fits,dr16_sdssv_crossmatch/spec-104574-60231-63050395067048799.fits,0,0.0033525433,657
2.702159794050241e+16,sdssv_neg,0.532864511013031,346.06709,0.31294198,dr16_spectra/spec-9214-57684-0661.fits,dr16_sdssv_crossmatch/spec-104616-59847-27021597940502407.fits,0,0.0032850073,658
4402817510.0,sdssv_neg,0.8031485080718994,0.31146135000000186,26.691,dr16_spectra/spec-7666-57339-0905.fits,dr16_sdssv_crossmatch/spec-015004-59165-4402817510.fits,0,0.003279418,659
3.96330628116645e+16,desi_neg,0.3263816833496094,172.92385000000002,39.345633,dr16_spectra/spec-8844-57424-0979.fits,desi/spectra/type1/desi-spec-39633062811664492.fits,0,0.003266041,660
6.305039507497092e+16,sdssv_neg,0.46445515751838684,354.1716799999999,17.547083,dr16_spectra/spec-7602-56954-0166.fits,dr16_sdssv_crossmatch/spec-103832-60585-63050395074970920.fits,0,0.0030892764,661
4554845602.0,sdssv_neg,0.5896346569061279,127.89039000000002,21.628733,dr16_spectra/spec-9566-58083-0661.fits,dr16_sdssv_crossmatch/spec-015061-59226-4554845602.fits,0,0.002983718,662
4401492946.0,sdssv_neg,0.34902966022491455,28.16225400000002,0.15986598,dr16_spectra/spec-9378-58071-0690.fits,dr16_sdssv_crossmatch/spec-015013-59165-4401492946.fits,0,0.0028940109,663
3.962850920680677e+16,desi_neg,0.12853418290615082,349.7977000000001,31.304451,dr16_spectra/spec-7765-58047-0266.fits,desi/spectra/type1/desi-spec-39628509206806770.fits,0,0.002873383,664
3.9627718744083496e+16,desi_neg,0.3880455791950226,27.08119099999999,-2.7294903,dr16_spectra/spec-4348-55559-0476.fits,desi/spectra/type1/desi-spec-39627718744083498.fits,0,0.0028513707,665
4546468600.0,sdssv_neg,0.16311591863632202,123.67466000000002,21.488473,dr16_spectra/spec-11109-58523-0851.fits,dr16_sdssv_crossmatch/spec-015052-59229-4546468600.fits,0,0.0028318642,666
3.962776626554817e+16,desi_neg,0.36115288734436035,339.59692999999993,-0.952284,dr16_spectra/spec-9217-57934-0839.fits,desi/spectra/type1/desi-spec-39627766265548170.fits,0,0.0027721121,667
2.3058430147417876e+18,desi_neg,0.25598379969596863,152.50284999999997,30.055977,dr16_spectra/spec-10451-58141-0180.fits,desi/spectra/type1/desi-spec-2305843014741787817.fits,0,0.002732371,668
3.9627838625681736e+16,desi_neg,0.23187334835529327,332.64140999999995,1.8957915,dr16_spectra/spec-9167-58064-0654.fits,desi/spectra/type1/desi-spec-39627838625681735.fits,0,0.0026913376,669
3.96285045008002e+16,desi_neg,0.2562594711780548,22.622100999999986,31.303117,dr16_spectra/spec-7728-58138-0093.fits,desi/spectra/type1/desi-spec-39628504500800201.fits,0,0.0026871928,670
2.7021597940516616e+16,sdssv_neg,0.763577401638031,348.90057,0.23289421,dr16_spectra/spec-4209-55478-0888.fits,dr16_sdssv_crossmatch/spec-104579-59879-27021597940516616.fits,0,0.0026760013,671
4375872944.0,sdssv_neg,0.5080140829086304,29.691881000000024,-1.827944,dr16_spectra/spec-7841-56960-0809.fits,dr16_sdssv_crossmatch/spec-015045-59169-4375872944.fits,0,0.0026707111,672
6.305039506710555e+16,sdssv_neg,0.45458096265792847,8.661901899999975,3.335168,dr16_spectra/spec-8749-57684-0404.fits,dr16_sdssv_crossmatch/spec-104614-60232-63050395067105554.fits,0,0.0025722047,673
3.963309160136722e+16,desi_neg,0.2578364312648773,247.79701,40.801463,dr16_spectra/spec-10729-58248-0784.fits,desi/spectra/type1/desi-spec-39633091601367214.fits,0,0.0025388906,674
4351548249.0,sdssv_neg,0.2966492176055908,181.65449999999998,56.696362,dr16_spectra/spec-6838-56429-0381.fits,dr16_sdssv_crossmatch/spec-015236-59255-4351548249.fits,0,0.0025191344,675
2.7021597936291536e+16,sdssv_neg,0.23187334835529327,332.64140999999995,1.8957915,dr16_spectra/spec-9167-58064-0654.fits,dr16_sdssv_crossmatch/spec-103532-59899-27021597936291538.fits,0,0.0024924835,676
3.9633062664864056e+16,desi_neg,0.3900390863418579,161.67622000000006,39.338336,dr16_spectra/spec-8821-57731-0521.fits,desi/spectra/type1/desi-spec-39633062664864055.fits,0,0.0024838203,677
3.9627796842025784e+16,desi_neg,0.26342466473579407,2.144660999999985,0.532279,dr16_spectra/spec-9403-58018-0020.fits,desi/spectra/type1/desi-spec-39627796842025785.fits,0,0.0024817004,678
6.305039481924549e+16,sdssv_neg,0.5058639049530029,142.44493999999997,21.898851,dr16_spectra/spec-9589-57813-0292.fits,dr16_sdssv_crossmatch/spec-102027-60679-63050394819245486.fits,0,0.002445731,679
3.9628442982943336e+16,desi_neg,0.36596742272377014,129.38896,28.24196,dr16_spectra/spec-9611-58107-0709.fits,desi/spectra/type1/desi-spec-39628442982943333.fits,0,0.0024446342,680
3.9627721034174904e+16,desi_neg,0.15716950595378876,163.74526000000003,-2.6631031,dr16_spectra/spec-3772-55277-0167.fits,desi/spectra/type1/desi-spec-39627721034174901.fits,0,0.0023496624,681
4375030032.0,sdssv_neg,0.7533276677131653,18.491409999999973,-1.194404,dr16_spectra/spec-9391-58072-0358.fits,dr16_sdssv_crossmatch/spec-015009-59164-4375030032.fits,0,0.0023373233,682
4401022633.0,sdssv_neg,0.24257881939411163,20.192117999999994,15.71099,dr16_spectra/spec-11067-58507-0221.fits,dr16_sdssv_crossmatch/spec-015010-59199-4401022633.fits,0,0.0022348207,683
3.96329906402779e+16,desi_neg,0.20202548801898956,173.42827999999997,35.526506,dr16_spectra/spec-10264-58162-0896.fits,desi/spectra/type1/desi-spec-39632990640277906.fits,0,0.0022110688,684
3.96333618319854e+16,desi_neg,0.2924894690513611,154.65184999999997,57.877057,dr16_spectra/spec-8186-57452-0595.fits,desi/spectra/type1/desi-spec-39633361831985399.fits,0,0.002167832,685
2.7021597920379216e+16,sdssv_neg,0.2573598623275757,151.36810000000003,42.510434,dr16_spectra/spec-8301-57390-0950.fits,dr16_sdssv_crossmatch/spec-103102-60067-27021597920379218.fits,0,0.002134764,686
6.305039481887793e+16,sdssv_neg,0.505483865737915,144.27855999999997,17.005994,dr16_spectra/spec-9582-57806-0854.fits,dr16_sdssv_crossmatch/spec-102019-60647-63050394818877926.fits,0,0.0021063015,687
5192650350.0,sdssv_neg,0.7893478274345398,256.06774999999993,43.512324,dr16_spectra/spec-8532-58022-0775.fits,dr16_sdssv_crossmatch/spec-015408-59373-5192650350.fits,0,0.0020923833,688
3.96331867281854e+16,desi_neg,0.311123251914978,123.09581000000003,46.258084,dr16_spectra/spec-7379-56713-0977.fits,desi/spectra/type1/desi-spec-39633186728185403.fits,0,0.0020644804,689
6.3050394820815384e+16,sdssv_neg,0.47892701625823975,126.47237000000001,21.965209,dr16_spectra/spec-9595-58084-0631.fits,dr16_sdssv_crossmatch/spec-101957-60677-63050394820815386.fits,0,0.001990365,690
6.3050395074583144e+16,sdssv_neg,0.35955819487571716,11.012698999999998,24.944952,dr16_spectra/spec-7673-57329-0374.fits,dr16_sdssv_crossmatch/spec-104169-60637-63050395074583147.fits,0,0.0019471035,691
2.7021597910868444e+16,sdssv_neg,0.433356910943985,184.61610999999994,51.128707,dr16_spectra/spec-6675-56415-0534.fits,dr16_sdssv_crossmatch/spec-104635-59731-27021597910868445.fits,0,0.001778565,692
2.702159796026895e+16,sdssv_neg,0.5331403613090515,44.90611999999999,0.62677599,dr16_spectra/spec-7820-56984-0906.fits,dr16_sdssv_crossmatch/spec-104621-59884-27021597960268950.fits,0,0.0017534295,693
6.305039658235748e+16,sdssv_neg,0.22946177423000336,17.070480999999972,31.917086,dr16_spectra/spec-7722-58425-0040.fits,dr16_sdssv_crossmatch/spec-104611-60255-63050396582357479.fits,0,0.0017203727,694
2.7021597920360804e+16,sdssv_neg,0.17829132080078125,151.4244,43.544565,dr16_spectra/spec-8287-57401-0228.fits,dr16_sdssv_crossmatch/spec-103102-60067-27021597920360804.fits,0,0.0016132371,695
3.962779633451905e+16,desi_neg,0.36751997470855713,331.99747,0.289617,dr16_spectra/spec-9146-58042-0632.fits,desi/spectra/type1/desi-spec-39627796334519048.fits,0,0.0015570394,696
3.96277066477086e+16,desi_neg,0.2582681477069855,25.560742000000005,-3.1989226,dr16_spectra/spec-7893-57286-0592.fits,desi/spectra/type1/desi-spec-39627706647708599.fits,0,0.0015505516,697
6.3050395075175624e+16,sdssv_neg,0.19202813506126404,352.00398999999993,21.810708,dr16_spectra/spec-7606-56977-0014.fits,dr16_sdssv_crossmatch/spec-103853-60591-63050395075175627.fits,0,0.001483533,698
6.305039506677724e+16,sdssv_neg,0.26380395889282227,16.443761999999992,0.11804347,dr16_spectra/spec-4226-55475-0652.fits,dr16_sdssv_crossmatch/spec-104572-60234-63050395066777239.fits,0,0.0014699104,699
4377433368.0,sdssv_neg,0.3441741466522217,324.57906,1.206223,dr16_spectra/spec-9163-58043-0152.fits,dr16_sdssv_crossmatch/spec-015064-59375-4377433368.fits,0,0.001396518,700
3.962806145227226e+16,desi_neg,0.22512565553188324,28.585591000000022,11.537437,dr16_spectra/spec-11078-58437-0470.fits,desi/spectra/type1/desi-spec-39628061452272255.fits,0,0.0013819672,701
3.962832880559965e+16,desi_neg,0.31022509932518005,154.12140999999997,22.964326,dr16_spectra/spec-9614-57835-0754.fits,desi/spectra/type1/desi-spec-39628328805599645.fits,0,0.0013054835,702
4401879929.0,sdssv_neg,0.3820693790912628,40.519867999999974,0.1374047,dr16_spectra/spec-6782-56572-0675.fits,dr16_sdssv_crossmatch/spec-015015-59169-4401879929.fits,0,0.0011804855,703
3.9628258681034216e+16,desi_neg,0.24069419503211975,350.3926799999999,19.871339,dr16_spectra/spec-7607-56902-0918.fits,desi/spectra/type1/desi-spec-39628258681034219.fits,0,0.0011733365,704
4399101101.0,sdssv_neg,0.47955504059791565,0.04983899000001202,0.040364981,dr16_spectra/spec-9403-58018-0485.fits,dr16_sdssv_crossmatch/spec-015035-59190-4399101101.fits,0,0.001154153,705
4371184330.0,sdssv_neg,0.27873411774635315,357.38653999999997,-0.612732,dr16_spectra/spec-9208-57688-0638.fits,dr16_sdssv_crossmatch/spec-015034-59165-4371184330.fits,0,0.0011498831,706
4399281638.0,sdssv_neg,0.23509395122528076,9.295843999999988,0.357731,dr16_spectra/spec-3588-55184-0569.fits,dr16_sdssv_crossmatch/spec-015005-59167-4399281638.fits,0,0.0011492113,707
3.962770644218792e+16,desi_neg,0.33996710181236267,13.302828999999974,-3.186896,dr16_spectra/spec-7912-57310-0504.fits,desi/spectra/type1/desi-spec-39627706442187920.fits,0,0.0011221546,708
4399114481.0,sdssv_neg,0.7494688034057617,2.6977939999999876,0.31675702,dr16_spectra/spec-9407-58041-0244.fits,dr16_sdssv_crossmatch/spec-015039-59202-4399114481.fits,0,0.001091217,709
2.7021597957502452e+16,sdssv_neg,0.23380188643932343,1.4481119999999805,2.0506374,dr16_spectra/spec-7852-56987-0932.fits,dr16_sdssv_crossmatch/spec-104605-59905-27021597957502453.fits,0,0.0010891161,710
3.963317427110211e+16,desi_neg,0.2923952639102936,140.79114000000004,45.512909,dr16_spectra/spec-7517-56772-0006.fits,desi/spectra/type1/desi-spec-39633174271102109.fits,0,0.0010814685,711
4344817883.0,sdssv_neg,0.5233221650123596,256.21318999999994,44.211343,dr16_spectra/spec-8532-58022-0797.fits,dr16_sdssv_crossmatch/spec-015408-59373-4344817883.fits,0,0.0010384282,712
4345861353.0,sdssv_neg,0.20774336159229279,253.90242,44.847491,dr16_spectra/spec-8536-58015-0926.fits,dr16_sdssv_crossmatch/spec-015408-59373-4345861353.fits,0,0.001037513,713
3.963302109931453e+16,desi_neg,0.2086067497730255,260.21179000000006,37.095657,dr16_spectra/spec-10762-58390-0302.fits,desi/spectra/type1/desi-spec-39633021099314525.fits,0,0.0010310615,714
2.702159793307607e+16,sdssv_neg,0.5061622262001038,1.1489760000000047,-1.221845,dr16_spectra/spec-9345-57713-0868.fits,dr16_sdssv_crossmatch/spec-104597-59901-27021597933076073.fits,0,0.0010103842,715
6.3050395067216744e+16,sdssv_neg,0.3053106367588043,20.814598999999987,2.155906,dr16_spectra/spec-7861-57281-0898.fits,dr16_sdssv_crossmatch/spec-104573-60236-63050395067216746.fits,0,0.0009897226,716
4367823283.0,sdssv_neg,0.5339733958244324,323.05372,-0.025480019,dr16_spectra/spec-9180-57693-0748.fits,dr16_sdssv_crossmatch/spec-015064-59375-4367823283.fits,0,0.000907209,717
4371180901.0,sdssv_neg,0.4041678309440613,357.96180000000004,-1.176836,dr16_spectra/spec-9208-57688-0694.fits,dr16_sdssv_crossmatch/spec-015034-59165-4371180901.fits,0,0.0008449728,718
6.305039485086737e+16,sdssv_neg,0.2619682848453522,188.0838,49.956055,dr16_spectra/spec-7418-57165-0856.fits,dr16_sdssv_crossmatch/spec-100369-60418-63050394850867366.fits,0,0.00083049363,719
6.305039506684427e+16,sdssv_neg,0.2756214439868927,16.854667000000006,4.1469829,dr16_spectra/spec-8756-57687-0779.fits,dr16_sdssv_crossmatch/spec-102672-60615-63050395066844273.fits,0,0.00081188715,720
4375147054.0,sdssv_neg,0.24473121762275696,25.643363000000022,-1.238166,dr16_spectra/spec-3639-55205-0118.fits,dr16_sdssv_crossmatch/spec-015012-59166-4375147054.fits,0,0.0007001984,721
6.3050395073089736e+16,sdssv_neg,0.2503526210784912,0.38893849999999475,5.4892025,dr16_spectra/spec-8740-57367-0232.fits,dr16_sdssv_crossmatch/spec-104067-60574-63050395073089736.fits,0,0.0006902496,722
4368620672.0,sdssv_neg,0.44739440083503723,333.00238,-1.7614661,dr16_spectra/spec-9146-58042-0125.fits,dr16_sdssv_crossmatch/spec-015065-59386-4368620672.fits,0,0.00065352366,723
6.305039507305845e+16,sdssv_neg,0.28336137533187866,359.37041,4.9701929,dr16_spectra/spec-8740-57367-0451.fits,dr16_sdssv_crossmatch/spec-104626-60264-63050395073058446.fits,0,0.0006394766,724
4603873908.0,sdssv_neg,0.3639703094959259,219.89355999999998,34.727695,dr16_spectra/spec-10754-58224-0256.fits,dr16_sdssv_crossmatch/spec-015327-59326-4603873908.fits,0,0.0006361721,725
6.305039482137055e+16,sdssv_neg,0.42167675495147705,133.95970999999997,28.902303,dr16_spectra/spec-9609-58136-0551.fits,dr16_sdssv_crossmatch/spec-101960-60702-63050394821370551.fits,0,0.00062053435,726
4377715120.0,sdssv_neg,0.36751997470855713,331.99747,0.289617,dr16_spectra/spec-9146-58042-0632.fits,dr16_sdssv_crossmatch/spec-015065-59386-4377715120.fits,0,0.00060505845,727
6.305039482116333e+16,sdssv_neg,0.41300123929977417,136.6051,21.973477,dr16_spectra/spec-9591-58084-0413.fits,dr16_sdssv_crossmatch/spec-101997-60650-63050394821163329.fits,0,0.0005483091,728
4374669775.0,sdssv_neg,0.5588500499725342,10.910585000000026,-0.97074199,dr16_spectra/spec-3590-55201-0450.fits,dr16_sdssv_crossmatch/spec-015007-59187-4374669775.fits,0,0.00054586475,729
6.3050394822400376e+16,sdssv_neg,0.25598379969596863,152.50284999999997,30.055977,dr16_spectra/spec-10451-58141-0180.fits,dr16_sdssv_crossmatch/spec-103070-60707-63050394822400376.fits,0,0.00050269836,730
4384420334.0,sdssv_neg,0.7937073707580566,349.88252,24.347083,dr16_spectra/spec-7670-57328-0924.fits,dr16_sdssv_crossmatch/spec-015036-59188-4384420334.fits,0,0.00046537627,731
4371151685.0,sdssv_neg,0.31911036372184753,355.42292999999995,-0.635176,dr16_spectra/spec-9157-57742-0936.fits,dr16_sdssv_crossmatch/spec-015033-59164-4371151685.fits,0,0.00045716137,732
4597713142.0,sdssv_neg,0.22068728506565094,159.74825999999996,42.461741,dr16_spectra/spec-8364-58138-0880.fits,dr16_sdssv_crossmatch/spec-015351-59359-4597713142.fits,0,0.00042536823,733
4383302066.0,sdssv_neg,0.5183635354042053,335.32119,20.85271,dr16_spectra/spec-7578-56956-0916.fits,dr16_sdssv_crossmatch/spec-015030-59376-4383302066.fits,0,0.00041044745,734
4350638504.0,sdssv_neg,0.246064230799675,220.76081,40.75698,dr16_spectra/spec-8497-58161-0202.fits,dr16_sdssv_crossmatch/spec-015357-59364-4350638504.fits,0,0.00033548876,735
